

2007年01月02日 查無資料
"說明："
"1. 漲跌價差為當日收盤價與前一日收盤價比較。"
"2. 無比價含當日除權、除息、新上市、恢復交易者。"
2007年01月02日
"每日收盤行情("全部(不含權證、牛熊證)")","","","","","","","","","","(元,股)","(元,交易單位)"
"證券代號","證券名稱","成交股數","成交筆數","成交金額","開盤價","最高價","最低價","收盤價","漲跌(+/-)","漲跌價差","最後揭示買價","最後揭示買量","最後揭示賣價","最後揭示賣量","本益比"
="0015  ","富邦  ","367000","57","3487410","9.35","9.58","9.35","9.58","+","0.1","9.53","100","9.57","5","0.00"
="0050  ","台灣50","4907000","543","285899200","57.8","58.5","57.75","58.45","+","0.7","58.4","3","58.45","14","0.00"
="0051  ","中100 ","2536000","330","83528580","32.98","33.15","32.7","33.15","+","0.15","33.15","303","33.16","6","0.00"
="0052  ","FB科技","1441100","177","55797180","38.35","38.9","38.35","38.9","+","0.66","38.9","130","38.99","1","0.00"
="01001T","富邦R1","126000","30","1543290","12.21","12.27","12.15","12.25","+","0.1","12.21","25","12.25","16","0.00"
="01002T","國泰R1","991000","125","10711350","10.8","10.84","10.77","10.82","+","0.05","10.81","53","10.82","35","0.00"
="01003T","新光R1","202000","38","2303730","11.38","11.43","11.38","11.42","+","0.07","11.42","3","11.43","3","0.00"
="01004T","富邦R2","132000","38","1691440","12.7","13","12.7","12.7","+","0.1","12.7","70","12.75","23","0.00"
="01005T","三鼎  ","34000","15","342960","10.1","10.1","10.05","10.08","-","0.02","10.07","10","10.08","98","0.00"
="01007T","國泰R2","894000","104","10359410","11.54","11.65","11.54","11.55","+","0.01","11.55","19","11.6","5","0.00"
"1101  ","台泥  ","4092644","956","121125747","29.65","29.8","29.35","29.75","+","0.3","29.7","210","29.75","69","16.9"
"1102  ","亞泥  ","4401956","1440","138951010","31.2","31.75","31.1","31.75","+","0.75","31.7","9","31.75","85","11.1"
"1103  ","嘉泥  ","6157452","1186","132318230","21.4","21.7","21.2","21.45","+","0.05","21.45","123","21.5","16","5.18"
"1104  ","環泥  ","3635843","467","49005529","13.5","13.55","13.4","13.5","+","0.1","13.5","89","13.55","177","12.74"
"1107  ","建台  ","997663","143","2792068","2.76","2.88","2.54","2.85","+","0.15","2.83","53","2.85","4","8.64"
"1108  ","幸福  ","4358835","588","45566704","10.2","10.6","10.2","10.3","+","0.1","10.3","82","10.4","20","12.41"
"1109  ","信大  ","1013569","214","13202624","13","13.15","12.95","13.1","+","0.1","13","112","13.1","35","8.34"
"1110  ","東泥  ","7837665","1423","98898236","12.4","12.95","12.3","12.6","+","0.45","12.6","21","12.65","251","28"
"1201  ","味全  ","22616885","4075","528051446","23.05","23.9","22.95","23.4","+","0.25","23.35","2","23.4","73","32.96"
"1203  ","味王  ","901643","300","14371306","16.3","16.3","15.65","15.75","+","0.25","15.75","12","15.8","1","0.00"
"1207  ","嘉食化","2101465","420","9104130","4.5","4.5","4.25","4.25","-","0.06","4.24","3","4.25","34","0.00"
"1210  ","大成  ","15878165","2827","333271390","20.65","21.25","20.4","21.15","+","1.25","21.1","58","21.15","33","13.91"
"1213  ","大飲  ","284360","88","3635993","12.75","13","12.6","13","+","0.25","13","34","13.1","5","0.00"
"1215  ","卜蜂  ","12043682","1887","111994633","9.15","9.63","9","9.63","+","0.63","9.6","375","9.63","663","17.83"
"1216  ","統一  ","14208448","2907","465790931","33","33.3","32.4","32.7","+","0.2","32.65","5","32.7","53","46.06"
"1217  ","愛之味","8937678","1503","81448817","9","9.46","8.85","9.46","+","0.61","9.46","261","--","0","27.03"
"1218  ","泰山  ","3593785","611","29163482","8.14","8.24","8.02","8.14"," ","0","8.12","30","8.14","26","0.00"
"1219  ","福壽  ","4124787","2418","37685855","9.28","9.3","9","9.01","-","0.14","9.01","23","9.05","21","26.5"
"1220  ","台榮  ","3211426","413","29444243","8.9","9.39","8.71","9.36","+","0.58","9.36","2","9.37","11","26.74"
"1225  ","福懋油","727370","144","5604817","7.76","7.89","7.61","7.72","-","0.03","7.72","151","7.74","1","0.00"
"1227  ","佳格  ","1063260","276","15350217","14.2","14.7","14.15","14.7","+","0.5","14.7","34","14.75","19","26.73"
"1229  ","聯華  ","6453169","1205","115009129","17.85","18.1","17.65","17.8"," ","0","17.75","184","17.8","107","11.06"
"1231  ","聯華食","3902325","648","44200985","11","11.75","10.95","11.75","+","0.75","11.75","224","--","0","117.5"
"1232  ","大統益","135461","47","2814318","20.55","20.85","20.55","20.8","+","0.15","20.75","5","20.8","16","9.24"
"1233  ","天仁  ","161434","77","4607766","28.35","28.8","28.35","28.7","+","0.35","28.65","1","28.7","3","19.93"
"1234  ","黑松  ","9611649","1999","163707806","16.9","17.45","16.7","17.45","+","0.75","17.4","1","17.45","46","109.06"
"1235  ","興泰  ","16804","7","273142","16.3","16.3","16","16"," ","0","16","7","16.2","5","1600"
"1236  ","宏亞  ","134546","59","2145554","15.85","16","15.85","16","+","0.1","15.95","17","16","112","13.56"
"1301  ","台塑  ","7203065","2192","391282416","54.5","54.5","54.1","54.4","+","0.3","54.4","12","54.5","1,072","11.31"
"1303  ","南亞  ","9981421","2724","547825962","54.3","55.2","54.3","55.2","+","0.9","55.1","532","55.2","286","9.89"
"1304  ","台聚  ","5382381","782","53548502","9.99","10.05","9.91","9.92","+","0.02","9.92","26","9.93","7","13.05"
"1305  ","華夏  ","4111228","733","36466925","8.99","9.05","8.81","8.84","-","0.05","8.84","8","8.85","10","14.03"
"1307  ","三芳  ","382097","120","8729596","23","23.1","22.5","22.9"," ","0","22.7","3","22.9","2","13.24"
"1308  ","亞聚  ","2088129","425","29798815","14.35","14.4","14.2","14.25"," ","0","14.2","82","14.25","15","10.56"
"1309  ","台達化","1955834","393","17895326","9.25","9.25","9.07","9.1","-","0.06","9.1","77","9.11","5","26.76"
"1310  ","台苯  ","4210502","902","61574365","14.7","14.8","14.5","14.55","-","0.1","14.55","28","14.6","72","41.57"
"1311  ","福聚  ","6776512","1824","213114130","31.9","32","31.15","31.35","-","0.5","31.35","93","31.4","59","5.2"
"1312  ","國喬  ","10581978","1735","132801745","12.6","12.75","12.45","12.5","+","0.1","12.45","849","12.5","87","10.87"
"1312A ","國喬特","8000","6","117750","14.8","14.8","14.7","14.7","-","0.25","14.65","22","14.7","6","0.00"
"1313  ","聯成  ","19011721","3247","340721976","17.6","18.2","17.55","18","+","0.7","17.95","210","18","276","9.78"
"1314  ","中石化","22346267","2826","219027011","9.8","9.88","9.75","9.78","+","0.06","9.78","202","9.8","75","15.52"
"1315  ","達新  ","1925005","627","45665718","24.3","24.3","23.5","23.5","-","0.85","23.5","21","23.6","2","19.75"
"1316  ","上曜  ","3830113","670","42205393","10.7","11.25","10.5","11.15","+","0.6","11.15","14","11.2","17","13.77"
"1319  ","東陽  ","7937410","2072","204357804","25.2","26.1","25.15","25.75","+","0.7","25.7","87","25.75","53","11.15"
"1321  ","大洋  ","2056214","584","42097083","21.2","21.4","19.85","20","-","1.2","20","11","20.15","18","24.69"
"1323  ","永裕  ","230881","75","2321618","10.2","10.2","10","10","-","0.1","10","11","10.1","12","37.04"
"1324  ","地球  ","157798","49","1364188","8.78","8.78","8.55","8.65","-","0.09","8.58","1","8.65","13","37.61"
"1325  ","恆大  ","645388","169","7539011","11.85","11.85","11.6","11.6","-","0.2","11.6","2","11.65","1","21.48"
"1326  ","台化  ","6338871","1543","349127954","55.2","55.2","54.8","55.2","+","0.7","55.1","218","55.2","78","9.72"
"1402  ","遠東新","12833928","2147","369363947","28.7","29.1","28.5","28.5"," ","0","28.5","21","28.6","17","13.44"
"1409  ","新纖  ","15160611","1997","131520501","8.6","8.77","8.6","8.6","+","0.03","8.6","125","8.62","12","15.36"
"1410  ","南染  ","430946","112","3930874","9","9.19","9","9.19","+","0.09","9.12","1","9.19","17","229.75"
"1413  ","宏洲  ","3716152","570","15953091","4.27","4.4","4.18","4.23","+","0.05","4.22","65","4.23","3","0.00"
"1414  ","東和  ","4581979","719","40723152","9","9","8.7","8.9","+","0.48","8.89","36","8.9","6","0.00"
"1416  ","廣豐  ","19131308","2350","204590107","10.95","11.1","10.4","10.4","-","0.4","10.4","366","10.5","120","0.00"
"1417  ","嘉裕  ","2710230","505","20914116","7.8","7.84","7.67","7.67","-","0.06","7.67","21","7.72","5","0.00"
"1418  ","東華  ","5372267","1011","37798472","7.1","7.25","6.81","6.81","-","0.24","6.81","79","6.83","30","0.00"
"1419  ","新紡  ","2554052","507","76973696","30.45","30.45","29.8","30","-","0.5","30","5","30.2","7","300"
"1423  ","利華  ","8164579","1158","68690130","8.42","8.55","8.31","8.47","+","0.38","8.47","66","8.48","12","19.7"
"1432  ","大魯閣","158822","48","1298195","8.2","8.25","7.8","8.25"," ","0","8.25","23","8.45","2","0.00"
"1434  ","福懋  ","4554249","1095","111875987","24.75","24.85","24.4","24.6","-","0.1","24.6","58","24.65","40","12.06"
"1435  ","中福  ","219441","21","1536569","7.05","7.3","6.91","6.91","-","0.14","6.91","2","7.1","10","138.2"
"1436  ","華友聯","936997","145","10824811","12","12","11.4","11.4","-","0.6","11.4","132","11.65","10","114"
"1437  ","勤益控","3927106","1186","102841730","26.8","27","25.8","26.1","-","0.6","26.1","35","26.15","12","24.17"
"1438  ","裕豐  ","64347","12","114948","1.88","1.88","1.7","1.7","-","0.06","1.7","9","1.88","5","0.00"
"1439  ","中和  ","248489","74","3265581","13.25","13.3","12.9","13.05"," ","0","13.05","29","13.1","15","0.00"
"1440  ","南紡  ","10629908","2140","167920005","16.15","16.15","15.6","15.6","-","0.35","15.6","203","15.65","2","0.00"
"1441  ","大東  ","1315533","215","9744772","7.4","7.5","7.3","7.3","-","0.23","7.3","138","7.31","13","0.00"
"1442  ","名軒  ","348077","131","5263855","15.4","15.5","14.95","15.2","-","0.2","15.15","2","15.2","5","8.22"
"1443  ","立益  ","1029658","170","5416014","5.38","5.38","5.05","5.25","+","0.22","5.23","8","5.25","9","0.00"
"1444  ","力麗  ","4298354","525","22400654","5.3","5.37","5.16","5.17","-","0.07","5.17","40","5.18","58","0.00"
"1445  ","大宇  ","5383834","725","33989409","6.31","6.43","6.2","6.34","+","0.31","6.33","59","6.34","19","0.00"
"1446  ","宏和  ","1799372","292","9434216","5.25","5.35","5.17","5.2","+","0.07","5.19","15","5.2","5","0.00"
"1447  ","力鵬  ","3288698","470","31957757","9.7","9.8","9.68","9.72","+","0.02","9.72","2","9.75","7","23.14"
"1449  ","佳和  ","5405953","715","25643674","4.7","4.83","4.63","4.8","+","0.27","4.75","25","4.8","247","0.00"
"1451  ","年興  ","4988825","1119","99723150","19.8","20.25","19.7","20.1","+","0.45","20.1","10","20.15","47","7.98"
"1452  ","宏益  ","984101","167","7463268","7.6","7.69","7.41","7.52","-","0.08","7.52","52","7.53","18","0.00"
"1453  ","大將  ","22093","23","76818","3.39","3.61","3.39","3.61","+","0.22","3.43","10","3.61","18","0.00"
"1454  ","台富  ","934462","169","5722198","6.1","6.18","6.07","6.1","+","0.05","6.08","15","6.1","71","0.00"
"1455  ","集盛  ","1517277","272","12843506","8.5","8.54","8.42","8.47","+","0.02","8.47","106","8.48","10","0.00"
"1456  ","怡華  ","2087553","412","10395452","5.2","5.2","4.8","4.92","-","0.18","4.81","15","4.92","9","0.00"
"1457  ","宜進  ","8384964","965","42725590","5.26","5.29","5","5.01","-","0.2","5.01","33","5.04","25","0.00"
"1459  ","聯發  ","2043764","344","16975858","8.07","8.42","8.07","8.38","+","0.33","8.33","4","8.38","60","0.00"
"1460  ","宏遠  ","10013160","1336","76897052","7.47","7.78","7.36","7.78","+","0.5","7.78","1,635","--","0","51.87"
"1463  ","強盛  ","1636309","334","13036815","8.15","8.18","7.71","7.9","-","0.12","7.8","12","7.9","66","197.5"
"1464  ","得力  ","585520","113","3855431","6.65","6.65","6.51","6.6","+","0.05","6.53","8","6.6","11","0.00"
"1465  ","偉全  ","347800","92","4258300","12.3","12.5","12.05","12.1","+","0.15","12.1","36","12.2","9","8.71"
"1466  ","聚隆  ","429629","97","3318603","7.83","7.83","7.68","7.71","-","0.12","7.71","1","7.73","8","7.34"
"1467  ","南緯  ","1930348","391","27416654","14.1","14.3","14.1","14.2","+","0.1","14.2","65","14.25","23","7.59"
"1468  ","昶和  ","126000","31","1656950","13.1","13.25","13.05","13.25","+","0.15","13.1","4","13.25","2","0.00"
"1469  ","理隆  ","24880","8","277544","11","11.3","11","11.3","+","0.7","11.3","30","--","0","113"
"1470  ","大統染","3000","2","15000","5","5","5","5","-","0.15","4.88","1","5.14","1","0.00"
"1471  ","首利  ","3052658","869","108068799","35.7","36.1","34.3","34.3","-","1.4","34.3","35","34.55","11","0.00"
"1472  ","三洋紡","958380","209","7793603","8.25","8.28","8.01","8.16","-","0.04","8.08","5","8.17","2","0.00"
"1473  ","台南  ","1126242","386","63270100","56.3","57.1","55.3","56.3","+","0.3","56.3","21","56.4","4","11.26"
"1474  ","弘裕  ","850278","153","7770424","9.05","9.3","9","9.25","+","0.25","9.25","244","9.26","5","11.71"
"1475  ","本盟  ","65106","33","790156","12.3","12.3","12.05","12.05","-","0.25","12.05","1","12.1","3","0.00"
"1476  ","儒鴻  ","3245349","675","64948907","19.2","20.3","19","20.3","+","1.3","20.3","16","--","0","9.06"
"1477  ","聚陽  ","763825","338","53228525","70","70.2","69","69.2","-","1.7","69.2","2","69.4","1","12.25"
"1503  ","士電  ","4115990","964","142678995","35.3","35.3","34.4","34.8","-","0.55","34.75","10","34.8","18","22.89"
"1504  ","東元  ","19419383","3720","332701755","16.9","17.45","16.65","17.1","+","0.5","17.05","361","17.1","65","16.44"
"1506  ","正道  ","204066","64","2689967","13.45","13.45","13","13.15","-","0.2","13.15","12","13.2","421","0.00"
"1507  ","永大  ","6503373","1665","135291634","21","21.2","20.45","20.45","-","0.4","20.45","94","20.6","11","15.49"
"1512  ","瑞利  ","1892377","355","20422294","10.6","10.95","10.6","10.7","+","0.1","10.7","120","10.75","1","46.52"
"1513  ","中興電","2590707","522","50691495","19.4","19.8","19.4","19.6","+","0.25","19.5","92","19.6","146","11.88"
"1514  ","亞力  ","4895727","641","41930708","8.5","8.7","8.42","8.45","+","0.07","8.45","8","8.49","35","23.47"
"1515  ","力山  ","1116415","245","12851932","11.55","11.65","11.4","11.4","-","0.05","11.4","49","11.5","1","0.00"
"1516  ","川飛  ","1688572","420","13673544","8.65","8.65","7.85","7.85","-","0.27","7.85","40","7.89","1","392.5"
"1517  ","利奇  ","12596974","2640","193965646","15.5","15.8","15.1","15.1","-","0.3","15.1","258","15.15","4","26.49"
"1519  ","華城  ","14560813","1913","252722824","17.1","17.45","17.1","17.45","+","1.1","17.45","591","--","0","11.56"
"1520  ","復盛  ","871247","324","27856840","32","32.05","31.85","32","+","0.1","32","9","32.05","23","11.55"
"1521  ","大億  ","1083685","327","27898210","24.6","26","24.6","26","+","1.7","26","422","--","0","13.33"
"1522  ","堤維西","2040240","492","50115801","24.05","24.75","24.05","24.4","+","0.1","24.4","26","24.5","2","305"
"1523  ","開億  ","895944","303","19872331","22.5","22.7","21.6","21.85","-","0.65","21.85","2","22.05","2","44.59"
"1524  ","耿鼎  ","1768079","605","32998450","18.75","18.9","18.45","18.45","-","0.25","18.45","7","18.5","5","33.55"
"1525  ","江申  ","120893","70","3082231","25.45","25.9","25.3","25.5","+","0.35","25.5","3","25.8","7","8.36"
"1526  ","日馳  ","639985","182","4003117","6.54","6.54","6.06","6.13","-","0.22","6.13","31","6.18","86","0.00"
"1527  ","鑽全  ","1516442","581","65820924","43.5","43.55","43.3","43.5","+","0.15","43.45","8","43.5","85","9.84"
"1528  ","恩德  ","16251120","3320","312062085","19.3","19.35","18.6","19.35","+","1.25","19.35","157","--","0","9.92"
"1529  ","樂士  ","4819228","519","31918122","6.49","6.82","6.33","6.67","+","0.29","6.61","2","6.67","31","0.00"
"1530  ","亞崴  ","236606","121","16780299","69.7","71.6","69.7","71.1","+","1.4","71.1","1","71.5","39","11.69"
"1531  ","高林股","3418151","953","85961125","24.9","25.45","24.6","25.2","+","0.65","25.15","23","25.2","3","16.8"
"1532  ","勤美  ","3039186","719","216046807","70.9","71.9","70.4","70.9"," ","0","70.7","5","70.9","4","18.66"
"1533  ","車王電","329013","143","13218568","41","41.2","39.6","40.4","+","0.5","40.3","10","40.4","4","18.7"
"1535  ","中宇  ","2900220","689","69637719","24.5","24.6","23.5","23.7","-","0.45","23.65","27","23.7","3","13.39"
"1536  ","和大  ","256697","129","12093207","47.4","47.45","47","47","-","0.4","47","18","47.25","29","19.34"
"1537  ","廣隆  ","2314609","582","78277789","32.25","34.55","32.25","34.55","+","2.25","34.55","266","--","0","30.31"
"1538  ","正峰新","671738","262","24228696","36.25","36.35","35.8","35.8","-","0.5","35.75","1","35.8","1","20.81"
"1539  ","巨庭  ","305168","90","3256647","10.2","10.7","10.2","10.7","+","0.7","10.7","70","--","0","0.00"
"1540  ","喬福  ","299654","94","10101457","33.7","33.9","33.5","33.65","+","0.15","33.65","12","33.7","1","10.82"
"1541  ","錩泰  ","135654","48","1351541","9.8","10.05","9.8","10.05","+","0.1","9.95","1","10.05","16","0.00"
"1560  ","中砂  ","828708","522","127667324","156","156","153","153.5","-","1.5","153.5","3","154","5","24.4"
"1601  ","台光  ","999683","236","6028031","6.03","6.1","5.98","5.99","+","0.02","5.99","8","6","26","0.00"
"1603  ","華電  ","3905963","483","29321172","7.3","7.7","7.3","7.7","+","0.45","7.68","6","7.7","252","55"
"1604  ","聲寶  ","5242845","715","43839980","8.32","8.4","8.29","8.39","+","0.07","8.36","35","8.39","9","0.00"
"1605  ","華新  ","59912907","8266","1084895677","17.7","18.4","17.6","18.15","+","0.75","18.15","119","18.2","781","7.59"
"1606  ","歌林  ","30788962","3559","308315639","10","10.15","9.9","9.9","-","0.01","9.9","12","9.91","119","19.04"
"1608  ","華榮  ","12787259","2004","167421959","12.9","13.25","12.9","13.05","+","0.15","13.05","15","13.1","136","9.89"
"1609  ","大亞  ","21328765","3974","344339210","16","16.5","15.9","15.95","+","0.05","15.95","313","16","79","14.24"
"1611  ","中電  ","1775773","498","33070227","18","19.1","18","18.5","+","0.55","18.5","7","18.6","202","11.78"
"1612  ","宏泰  ","14657688","2577","264350218","17.4","18.3","17.35","18.3","+","1.15","18.25","124","18.3","402","10.46"
"1613  ","台一  ","2058136","380","17313181","8.55","8.56","7.91","8.49","+","0.49","8.46","1","8.49","23","15.72"
"1614  ","三洋電","91965","44","2319500","24.9","25.3","24.9","25.25","-","0.1","25","14","25.3","16","17.53"
"1615  ","大山  ","131000","48","1681800","13","13","12.75","12.8","-","0.15","12.75","17","12.8","3","8.95"
"1616  ","億泰  ","2731789","746","49210540","17.7","18.3","17.7","17.85","+","0.15","17.85","26","17.9","24","13.32"
"1617  ","榮星  ","431120","89","5295170","12.5","12.5","12.2","12.2"," ","0","12.2","74","12.3","18","14.35"
"1618  ","合機  ","1298688","270","11694098","8.96","9.06","8.96","9","+","0.05","8.98","15","9","26","23.08"
"1701  ","中化  ","4347045","812","51243242","11.8","11.9","11.7","11.75","+","0.15","11.75","91","11.8","232","22.17"
"1702  ","南僑  ","2714581","390","21092283","7.77","7.77","7.77","7.77","+","0.5","7.77","4,702","--","0","0.00"
"1704  ","榮化  ","3219613","942","107574698","33.5","33.6","33.25","33.25","+","0.05","33.25","10","33.3","4","11.59"
"1707  ","葡萄王","4748263","848","54040002","11.15","11.65","11","11.65","+","0.75","11.65","223","--","0","12.8"
"1708  ","東鹼  ","2261886","502","36963114","16","16.6","16","16.6","+","0.65","16.55","98","16.6","1","8.56"
"1709  ","和益  ","385352","105","5006485","13.05","13.1","12.95","13","+","0.05","13","9","13.05","25","15.48"
"1710  ","東聯  ","8214542","2254","183245887","22","22.6","21.9","22.3","+","0.5","22.3","20","22.35","118","9.41"
"1711  ","永光  ","13025576","2710","247781494","18.5","19.3","18.4","19.1","+","1.05","19.05","15","19.1","77","30.81"
"1712  ","興農  ","6109828","999","64701391","10.5","10.75","10.4","10.45"," ","0","10.45","10","10.5","34","17.42"
"1713  ","國化  ","1164062","272","15740970","13.45","13.65","13.4","13.4","-","0.1","13.4","18","13.5","6","12.41"
"1714  ","和桐  ","1764531","406","14517261","8.14","8.35","8.14","8.21","+","0.08","8.21","18","8.25","22","0.00"
"1715  ","萬洲  ","1166353","190","14483587","12.4","12.5","12.35","12.4"," ","0","12.35","19","12.4","16","10.51"
"1716  ","永信  ","539450","189","15531487","28.5","29.1","28.5","28.85","+","0.2","28.85","26","28.9","15","13.23"
"1717  ","長興  ","2525384","928","127202621","50.4","51.2","50","50","-","0.4","50","122","50.1","2","15.24"
"1718  ","中纖  ","10647044","1404","86739938","8","8.29","7.97","8.15","+","0.18","8.15","152","8.16","55","0.00"
"1720  ","生達  ","612659","183","11684982","19","19.15","19","19.05","+","0.15","19.05","86","19.1","70","9.38"
"1721  ","三晃  ","7607418","1295","67919928","9.35","9.35","8.52","8.95","+","0.2","8.92","27","8.95","64","0.00"
"1722  ","台肥  ","3110197","1044","193907414","62.6","62.9","62","62.2","-","0.1","62.2","5","62.3","117","28.8"
"1723  ","中碳  ","554267","260","29254065","52.9","53.1","52.5","52.9"," ","0","52.7","18","52.9","37","9.35"
"1724  ","台硝  ","31446","45","476247","15","15.3","15","15.05","-","0.05","15.05","11","15.45","7","20.34"
"1725  ","元禎  ","22874","21","444815","19.1","19.7","19.1","19.5","+","0.4","19.5","4","19.7","2","9.15"
"1726  ","永記  ","925837","545","59635273","62","65.1","61.5","65.1","+","4.2","65.1","220","--","0","14.93"
"1727  ","中華化","168039","55","1703392","10.05","10.2","10.05","10.2","+","0.2","10.15","3","10.2","38","14.17"
"1729  ","必翔  ","90464","81","5336320","58","59.4","58","59.1","+","1.1","59","13","59.2","4","19.5"
"1730  ","花仙子","551210","108","6886024","12.35","12.6","12.35","12.6","+","0.15","12.6","30","12.65","12","13.7"
"1731  ","美吾華","446175","153","5036846","11.4","11.45","11.1","11.25"," ","0","11.25","2","11.3","16","30.41"
"1732  ","毛寶  ","388259","100","5535201","14.35","14.4","14.15","14.25","-","0.05","14.2","39","14.25","5","24.57"
"1733  ","五鼎  ","906832","382","39819336","43.5","44.5","43.4","43.6","+","0.5","43.5","14","43.6","2","12.39"
"1734  ","杏輝  ","1557293","436","27103214","17.15","17.7","17.15","17.45","+","0.25","17.4","15","17.45","38","29.08"
"1735  ","日勝化","1928577","548","33729643","17.5","17.5","17.2","17.5","+","1.1","17.5","142","--","0","33.65"
"1736  ","喬山  ","155030","136","37680760","238","245","238","245","+","6","244.5","5","245","22","24.72"
"1737  ","臺鹽  ","1091524","345","21500462","19.65","19.85","19.55","19.8","+","0.2","19.7","22","19.8","16","86.09"
"1802  ","台玻  ","2163042","801","61599437","28.2","28.8","28","28.65","+","0.85","28.65","47","28.7","51","18.97"
"1805  ","寶徠  ","117494","102","2005492","16.85","17.4","16.85","17"," ","0","17","10","17.3","7","7.83"
"1806  ","冠軍  ","8859230","2189","158103521","18.3","18.3","17.5","17.5","-","0.5","17.5","338","17.6","2","13.36"
"1808  ","潤隆  ","96764","83","4771486","49.8","50","49","49","-","0.4","49","14","49.3","9","6.43"
"1809  ","中釉  ","9551677","2276","160545880","17.1","17.3","16.5","16.5","-","0.5","16.45","67","16.5","17","26.61"
"1810  ","和成  ","18519335","3503","286854601","15.5","16","15.1","15.15","-","0.25","15.15","31","15.2","43","39.87"
"1902  ","台紙  ","7884338","1491","89476673","11.1","11.6","11.1","11.2","+","0.1","11.2","239","11.25","16","0.00"
"1903  ","士紙  ","905056","400","50265184","55.7","56.2","55","55.3","+","0.2","55.1","8","55.5","36","0.00"
"1904  ","正隆  ","20577975","2801","276997827","13.2","13.6","13.1","13.5","+","0.4","13.45","375","13.5","222","18.24"
"1905  ","華紙  ","8115956","1621","146672823","18","18.3","17.8","18.25","+","0.45","18.2","133","18.25","57","28.97"
"1906  ","寶隆  ","815033","213","6717774","8.19","8.5","8.12","8.29","+","0.15","8.24","10","8.29","30","26.74"
"1907  ","永豐餘","4647715","953","66485668","14.25","14.4","14.2","14.3","+","0.1","14.3","182","14.35","45","19.32"
"1909  ","榮成  ","28716894","5148","500145895","17","17.65","16.85","17.65","+","1.15","17.65","4,800","--","0","14.71"
"2002  ","中鋼  ","20652169","4354","716734881","34.9","34.95","34.45","34.85","+","0.25","34.85","18","34.9","1,073","12.23"
"2002A ","中鋼特","19000","10","681300","36.1","36.1","35.7","35.9","+","0.2","35.7","1","35.9","5","0.00"
"2006  ","東鋼  ","20129206","3564","661795072","32.5","33.1","32.2","33.05","+","1.05","33.05","104","33.1","529","8.58"
"2007  ","燁興  ","9887322","1247","46501507","4.66","4.75","4.66","4.7","+","0.04","4.7","528","4.71","92","0.00"
"2008  ","高興昌","1240889","302","9238918","7.45","7.51","7.4","7.4","-","0.05","7.4","93","7.45","19","0.00"
"2009  ","第一銅","13255971","2174","226205732","16.6","17.35","16.6","17.2","+","0.75","17.15","116","17.2","320","8.43"
"2010  ","春源  ","1182681","326","17876480","14.95","15.2","14.95","15.15","+","0.2","15.1","86","15.15","19","14.43"
"2012  ","春雨  ","714070","223","8355307","11.6","12","11.55","11.6"," ","0","11.55","16","11.6","6","21.48"
"2013  ","中鋼構","377890","136","6073480","16.3","16.3","15.9","16.2","+","0.2","16","57","16.2","8","10.73"
"2014  ","中鴻  ","19047147","3832","363577443","19.1","19.3","18.95","19.1","+","0.1","19.05","139","19.1","827","0.00"
"2015  ","豐興  ","2691358","674","107864314","39.7","40.5","39.5","40.3","+","1","40.3","14","40.35","6","9.53"
"2017  ","官田鋼","2413708","399","16923094","7","7.08","6.97","7.01","+","0.04","7.01","21","7.02","27","0.00"
"2020  ","美亞  ","835400","214","23474410","28.2","28.4","27.8","28.15","+","0.15","28","58","28.15","35","18.89"
"2022  ","聚亨  ","10307877","1763","86302539","8.2","8.5","8.15","8.33","+","0.21","8.33","79","8.35","38","0.00"
"2023  ","燁輝  ","15629686","3905","233762514","14.8","15.15","14.7","15","+","0.3","14.95","90","15","1,509","12.1"
"2024  ","志聯  ","1713399","408","16061736","9.42","9.6","9.26","9.3","-","0.2","9.3","7","9.47","1","23.85"
"2025  ","千興  ","10154506","1806","120084643","11.8","11.95","11.65","11.9","+","0.2","11.9","201","11.95","201","27.05"
"2027  ","大成鋼","9626441","2467","380210803","39.3","40","39.05","39.25","+","0.4","39.25","133","39.3","1","9.62"
"2028  ","威致  ","9294657","1281","78247407","8.2","8.77","8.06","8.77","+","0.57","8.76","1","8.77","304","38.13"
"2029  ","盛餘  ","1632190","381","52437118","32","32.35","31.95","32.2","+","0.4","32.15","47","32.2","39","8.56"
"2030  ","彰源  ","5842449","1555","151748524","26","26.3","25.65","26","+","0.45","25.95","2","26","126","9.25"
"2031  ","新光鋼","2635726","870","58558245","22.3","22.5","22","22.4","+","0.4","22.35","99","22.4","174","13.02"
"2032  ","新鋼  ","8718945","1973","276494359","30.5","32.35","30.45","32.35","+","2.1","32.35","6,586","--","0","10.89"
"2033  ","佳大  ","1570949","329","17364989","11.2","11.2","10.8","11.2","+","0.3","11.15","175","11.2","63","32"
"2034  ","允強  ","11663645","3321","513625160","43.75","45","43.35","44.6","+","1.6","44.55","1","44.6","12","9.96"
"2101  ","南港  ","4564564","1550","238598741","52.7","53","51.6","51.6","-","0.6","51.6","71","51.9","4","15.64"
"2102  ","泰豐  ","22973628","5598","619863977","27.3","27.4","26.4","26.7","+","0.55","26.7","72","26.75","43","13.76"
"2103  ","台橡  ","5812720","1400","138728726","23.8","24.05","23.75","23.9","+","0.2","23.9","80","23.95","29","7.68"
"2104  ","中橡  ","17788504","5079","746825492","43","43","41.15","41.4","-","0.8","41.4","244","41.45","7","20.91"
"2105  ","正新  ","6177404","1857","200797243","32.5","32.9","32.25","32.3","+","0.05","32.3","133","32.35","28","19.94"
"2106  ","建大  ","4265892","1099","88023039","20.9","21","20.4","20.4","-","0.5","20.4","114","20.45","10","36.43"
"2107  ","厚生  ","36870392","7961","895395419","24.3","24.7","23.55","24.3","+","0.9","24.25","110","24.3","18","135"
"2108  ","南帝  ","402696","145","8331637","20.6","20.95","20.6","20.6","-","0.4","20.55","36","20.6","10","13.83"
"2109  ","華豐  ","1554210","229","13046752","8.32","8.5","8.25","8.35","+","0.1","8.35","35","8.4","12","0.00"
"2201  ","裕隆  ","11112651","2696","443268133","39.5","40.2","39.3","39.6","+","0.1","39.6","98","39.7","7","16.92"
"2204  ","中華  ","11251621","3595","356218608","30.8","32.1","30.4","32.1","+","2.1","32.05","39","32.1","38","10.56"
"2206  ","三陽  ","5240440","1472","123455801","23.55","23.9","23.35","23.35","+","0.05","23.35","41","23.45","7","14.33"
"2207  ","和泰車","279679","124","20952684","74.5","75.2","74.4","75","+","0.5","75","5","75.1","10","11.54"
"2227  ","裕日車","393000","240","36907500","92.8","94.8","92","94.4","+","1.5","93.8","7","94.5","10","12.72"
"2301  ","光寶科","9775250","2450","435686042","44.55","44.85","44.15","44.75","+","0.7","44.7","42","44.75","48","15.87"
"2302  ","麗正  ","9026020","1403","72267036","8.09","8.19","7.81","7.9","+","0.03","7.89","56","7.9","8","0.00"
"2303  ","聯電  ","37634670","6733","769324830","20.45","20.55","20.25","20.4","+","0.15","20.4","455","20.45","325","12.99"
"2305  ","全友  ","2135689","418","12822852","6.1","6.1","5.9","5.9","-","0.1","5.9","203","6","27","0.00"
"23051 ","全友一","0","0","0","--","--","--","--"," ","0","--","","--","","0.00"
"2308  ","台達電","2956960","974","316376720","107.5","108","106","107.5","+","2.5","107","25","107.5","173","18.07"
"2311  ","日月光","8046986","1950","296595984","37","37","36.7","36.95","-","0.05","36.95","45","37","731","9.62"
"2312  ","金寶  ","7143399","1405","92868893","13.1","13.1","12.9","12.95"," ","0","12.95","65","13","194","13.92"
"2313  ","華通  ","32379113","5390","508167196","15.6","15.9","15.5","15.55","+","0.2","15.5","651","15.55","388","17.09"
"2314  ","台揚  ","8670759","1767","134014105","15.3","15.6","15.3","15.35","+","0.1","15.3","392","15.35","9","18.06"
"2315  ","神達  ","12376558","3452","492327453","39.8","40.3","39.2","39.35","-","0.05","39.35","122","39.4","107","9.91"
"2316  ","楠梓電","35626584","5917","493197130","13.6","14.2","13.5","13.85","+","0.45","13.8","547","13.85","10","19.51"
"2317  ","鴻海  ","11848103","5511","2803510808","234","238.5","233","237.5","+","5","237.5","148","238","271","23.94"
"2321  ","東訊  ","4363384","941","63792766","14.7","14.8","14.4","14.5","-","0.05","14.5","9","14.55","107","9.73"
"2323  ","中環  ","9966394","1508","114116923","11.45","11.55","11.35","11.4","-","0.05","11.4","77","11.45","163","0.00"
"2324  ","仁寶  ","4751565","1410","138322570","29.15","29.15","29","29.1","+","0.05","29.1","157","29.15","63","12.54"
"2325  ","矽品  ","5655431","1322","286449094","51.2","51.3","50.3","50.5","-","0.7","50.5","30","50.6","22","10.72"
"2327  ","國巨  ","22382965","3354","336884780","15.4","15.4","14.9","14.95","-","0.25","14.95","301","15","34","22.65"
"2328  ","廣宇  ","7600843","3429","753008626","101.5","102","97.4","98","-","2","98","172","98.5","2","71.53"
"2329  ","華泰  ","18168371","2670","151785110","8.5","8.59","8.2","8.2","-","0.2","8.2","379","8.21","4","0.00"
"2330  ","台積電","26080400","5926","1768131919","67.8","68","67.3","67.7","+","0.2","67.7","123","67.8","195","13.15"
"2331  ","精英  ","7837481","2122","167265995","21.8","22.1","21","21","-","0.8","21","190","21.05","7","1050"
"2332  ","友訊  ","1994277","750","83962691","42.7","42.8","41.8","42","-","0.7","41.9","19","42","3","13.82"
"2336  ","致伸  ","7006002","1270","106061208","15.2","15.35","15","15","-","0.2","15","340","15.05","3","10.64"
"2337  ","旺宏  ","56885084","11457","814297660","14.3","14.6","14.05","14.25","+","0.15","14.25","62","14.3","806","237.5"
"2338  ","光罩  ","3760763","875","73790522","19.5","19.8","19.5","19.7","+","0.3","19.6","10","19.7","10","9.85"
"2340  ","光磊  ","11661732","2475","234395990","20.1","20.3","19.85","20.05","+","0.2","20","162","20.05","66","83.54"
"2341  ","英群  ","3044834","803","41081579","13.6","13.7","13.3","13.3","-","0.2","13.3","130","13.35","21","0.00"
"2342  ","茂矽  ","30066275","8358","1041536850","35.3","35.8","33.9","34","-","1.1","34","439","34.1","141","9.6"
"2344  ","華邦電","30582182","4474","399052723","13.4","13.4","12.8","12.8","-","0.5","12.8","881","12.85","2","91.43"
"23442 ","華邦二","0","0","0","--","--","--","--"," ","0","--","","--","","0.00"
"2345  ","智邦  ","7989526","2029","160723677","20.3","20.35","19.95","19.95","-","0.15","19.95","57","20","34","0.00"
"2347  ","聯強  ","10065498","2488","426743494","41.15","43.5","41","43.4","+","2.2","43.4","13","43.45","29","17.09"
"2348  ","海悅  ","2063295","1002","88042335","43.9","44","42","42.25","-","1.65","42.25","2","42.3","2","0.00"
"2349  ","錸德  ","12791048","1871","122685169","9.55","9.66","9.55","9.56","+","0.01","9.56","135","9.57","33","0.00"
"2350  ","環電  ","30788777","4140","528772292","17.3","17.5","16.85","16.85","-","0.45","16.85","449","16.9","1","10.21"
"2351  ","順德  ","6431013","2101","268189437","41.3","42.45","40.5","41.9","+","1.1","41.9","7","41.95","11","15.63"
"2352  ","佳世達","9029625","2254","157714051","17.45","17.6","17.35","17.4","-","0.05","17.4","22","17.45","233","0.00"
"2353  ","宏碁  ","7364316","2651","505779318","68.2","69.2","68.2","68.6","+","0.6","68.6","355","68.7","12","14.5"
"2354  ","鴻準  ","4830242","2908","1929424558","393","406","390","400","+","9.5","400","7","400.5","7","46.46"
"2355  ","敬鵬  ","3505753","873","80064455","22.9","23","22.7","22.7","+","0.1","22.7","105","22.75","2","8.57"
"2356  ","英業達","8320203","2087","240907246","28.75","29.2","28.6","28.7","+","0.05","28.65","32","28.7","312","12.64"
"2357  ","華碩  ","11931367","4523","1075593863","89.6","90.6","89.5","90.3","+","1.1","90.3","162","90.4","14","18.06"
"2358  ","廷鑫  ","495821","209","6698100","14","14","13.05","13.45","-","0.5","13.45","1","13.5","5","38.43"
"2359  ","所羅門","3619626","687","37860942","10.6","10.6","10.3","10.35","-","0.1","10.3","220","10.35","55","4.31"
"2360  ","致茂  ","314192","132","11793254","37.3","38","37.3","37.5","-","0.3","37.5","10","37.75","3","10.62"
"2361  ","鴻友  ","5483223","867","38648399","7.22","7.23","6.82","6.9","-","0.1","6.9","196","6.96","6","0.00"
"2362  ","藍天  ","6826590","2230","220396296","31.7","33","31.1","32.5","+","0.65","32.5","419","32.6","2","0.00"
"2363  ","矽統  ","71650853","12006","1497823341","20.45","21.25","20.45","21.25","+","1.35","21.25","30,274","--","0","54.49"
"2364  ","倫飛  ","7902139","1342","48463349","6.28","6.28","5.94","6.02","+","0.12","6.02","1","6.03","12","0.00"
"2365  ","昆盈  ","2458838","941","90740681","37.6","37.8","36.5","36.5","-","0.7","36.5","65","36.7","7","10.28"
"2367  ","燿華  ","6155392","1430","111777024","18.1","18.3","18.05","18.05","+","0.1","18.05","19","18.1","3","7.85"
"2368  ","金像電","4864794","1164","112860562","23.2","23.35","23.05","23.05","-","0.05","23.05","143","23.1","15","8.41"
"2369  ","菱生  ","4684538","739","56082340","11.95","12.1","11.85","11.9","+","0.05","11.9","214","11.95","13","23.33"
"2371  ","大同  ","29616444","4420","441378768","14.7","15.05","14.65","15","+","0.4","14.95","6","15","3,110","0.00"
"2373  ","震旦行","1584418","513","31919483","19.4","20.45","19.4","20.2","+","1.05","20.2","37","20.25","5","10.92"
"2374  ","佳能  ","3519752","1167","87086640","24.6","24.95","24.5","24.65","+","0.05","24.65","31","24.7","21","9.34"
"2375  ","智寶  ","9215146","1874","83450510","9.2","9.3","8.86","8.86","-","0.27","8.86","9","8.9","3","0.00"
"2376  ","技嘉  ","9576755","2869","245005425","25.3","26.05","25.1","25.1","+","0.35","25.1","70","25.15","21","16.62"
"2377  ","微星  ","6198457","1994","157851552","25.8","25.85","25.3","25.3","-","0.6","25.3","256","25.35","4","17.82"
"2379  ","瑞昱  ","18242495","5288","1042073416","56","58.4","55.4","56.4","+","0.3","56.4","6","56.5","60","17.63"
"2380  ","虹光  ","1967346","585","43462967","22.1","22.4","22","22"," ","0","22","51","22.1","14","8.76"
"2381  ","華宇  ","13801193","1880","101870045","7.4","7.45","7.32","7.34","+","0.06","7.33","130","7.34","74","0.00"
"2382  ","廣達  ","9530130","2606","562193950","59.6","59.9","58.4","58.7","-","0.4","58.6","97","58.7","28","16.4"
"2383  ","台光電","4015755","1043","71258300","17.8","17.95","17.6","17.6","-","0.05","17.6","64","17.65","12","11.14"
"2384  ","勝華  ","12497574","4056","389505353","31","31.55","30.8","31.4","+","0.45","31.35","324","31.4","122","10.83"
"2385  ","群光  ","3217768","1321","162561723","49.2","51.6","49","50.9","+","1.9","50.8","19","51","41","17.25"
"2387  ","精元  ","694206","354","23371725","34","34","33","33.15","-","0.5","33.15","1","33.3","2","13.05"
"2388  ","威盛  ","126981887","32250","5077973230","40.55","41.4","38.5","40.3","-","0.25","40.3","112","40.35","354","35.98"
"2390  ","云辰  ","916956","237","7489799","8.15","8.27","8.12","8.2","+","0.05","8.18","7","8.2","9","0.00"
"2391  ","合勤  ","3989179","1353","163189322","41","41.4","40.4","40.4","-","0.2","40.4","64","40.45","1","11.54"
"2392  ","正崴  ","17583468","8087","2092679930","118.5","120.5","117","119","+","2.5","118.5","137","119","118","18.77"
"2393  ","億光  ","8864272","2794","835059949","93.2","95.5","92.7","93.6","+","0.9","93.6","61","93.8","4","15.02"
"2395  ","研華  ","246795","176","28678925","116","117","115","116","-","1","116","6","116.5","8","18.01"
"2396  ","精碟  ","35002693","3795","212874016","5.86","6.21","5.86","6.06","+","0.2","6.05","720","6.06","11","0.00"
"2397  ","友通  ","1291600","321","76116836","58.2","59.3","58.2","58.7","+","0.7","58.7","12","58.8","10","11.67"
"2399  ","映泰  ","1587994","371","26149700","16.55","16.6","16.35","16.35","-","0.2","16.35","87","16.5","28","8.56"
"2401  ","凌陽  ","9209459","2800","364748465","40","40.5","38.9","39.2","-","0.55","39.2","32","39.25","29","11.53"
"2402  ","毅嘉  ","8214320","2339","318140597","39.3","39.5","38","38.3","-","0.3","38.3","48","38.4","4","18.68"
"2403  ","友尚  ","3150576","959","65930413","20.8","21.25","20.5","20.8","+","0.1","20.8","80","20.9","9","16"
"2404  ","漢唐  ","2216501","715","54407630","24.3","24.7","24.3","24.6","+","0.4","24.6","58","24.65","19","11.39"
"2405  ","浩鑫  ","2527999","685","37191330","14.8","14.95","14.5","14.5","-","0.2","14.5","11","14.55","1","80.56"
"2406  ","國碩  ","12676698","1666","106199133","8","8.45","7.92","8.45","+","0.55","8.45","374","--","0","0.00"
"2408  ","南亞科","23679932","4192","633721926","27","27.15","26.6","26.6","-","0.3","26.55","1,011","26.6","26","9.37"
"2409  ","友達  ","27621629","6738","1236359569","45.6","45.6","44.5","44.55","-","0.75","44.55","182","44.6","127","17.82"
"2411  ","飛瑞  ","430023","192","15632526","35.9","36.65","35.9","36.35","+","0.45","36.3","7","36.4","44","16.75"
"2412  ","中華電","7074846","1608","429278435","60.6","60.9","60.1","60.9","+","0.3","60.8","120","60.9","421","13.47"
"2413  ","環科  ","6645330","1720","150207301","22.7","23.05","22.1","22.3","+","0.6","22.3","25","22.4","17","0.00"
"2414  ","精技  ","2999210","739","47389474","16","16.1","15.6","15.65","-","0.15","15.6","211","15.75","6","14.23"
"2415  ","錩新  ","1042612","333","20841947","20.3","20.5","19.5","19.5","-","0.6","19.5","4","19.7","35","42.39"
"2417  ","圓剛  ","15775138","5392","648358536","40.95","42.1","40.05","40.4","+","0.45","40.4","41","40.5","8","13.12"
"2418  ","雅新  ","13759359","2996","372510978","27","27.3","26.8","26.9","+","0.2","26.9","288","26.95","21","8.97"
"2419  ","仲琦  ","12012178","1718","150699485","11.8","12.6","11.7","12.6","+","0.8","12.6","1,383","--","0","16.8"
"2420  ","新巨  ","1397467","576","47615241","34.3","34.8","33.5","33.65","-","0.65","33.65","28","34","6","12.84"
"2421  ","建準  ","5978773","1861","150302083","25.7","25.8","24.7","24.95","-","1.1","24.9","14","24.95","25","17.09"
"2423  ","固緯  ","367986","121","7507666","20.5","20.6","20.3","20.3","+","0.05","20.25","2","20.3","10","8.57"
"2424  ","隴華  ","1896777","400","14119499","7.55","7.67","7.21","7.21","-","0.24","7.21","8","7.28","60","0.00"
"2425  ","承啟  ","1469625","578","37912163","26.05","26.5","25.4","25.6","-","0.6","25.6","64","25.7","3","0.00"
"2426  ","鼎元  ","7606168","2366","196234505","25.85","26.25","25.4","25.45","-","0.25","25.45","6","25.6","1","14.8"
"2427  ","三商電","4829734","898","47022838","9.7","10","9.52","9.56","+","0.05","9.56","57","9.63","5","0.00"
"2428  ","興勤  ","1316806","357","34738596","26.75","26.9","26","26","-","0.5","25.9","1","26","145","21.67"
"2429  ","銘旺科","8153","9","26174","3.36","3.36","3.28","3.28","+","0.13","3.1","6","3.28","5","0.00"
"2430  ","燦坤  ","2318012","745","85681380","35.6","37.6","35.6","36.5","+","0.9","36.5","16","36.6","27","0.00"
"2431  ","聯昌  ","2701497","546","31447435","11.4","11.9","11.3","11.4","+","0.1","11.4","33","11.6","63","34.55"
"2432  ","倚天  ","4405726","1616","151551548","34","35.2","33.8","34.45","+","0.6","34.4","55","34.45","10","13.89"
"2433  ","互盛電","1365308","316","21753036","15.2","16.05","15.2","16.05","+","1.05","16.05","109","--","0","8.72"
"2434  ","統懋  ","376132","160","7092813","18.6","19.2","18.4","18.65","-","0.6","18.65","3","18.75","12","33.3"
"2436  ","偉詮電","10896236","2156","210114555","19.4","19.4","18.8","19.4","+","1.25","19.4","6,807","--","0","58.79"
"2437  ","旺詮  ","78441","59","2180014","28","28","27.5","28","+","0.55","27.7","1","28","3","21.88"
"2438  ","翔耀  ","9464414","2091","112792212","12.2","12.25","11.7","11.7","-","0.6","11.7","137","11.75","1","37.74"
"2439  ","美律  ","880400","488","78651658","89.5","89.6","89.1","89.3","+","0.3","89.2","11","89.3","5","17.79"
"2440  ","太空梭","1003040","211","6781673","6.79","6.85","6.69","6.72","-","0.07","6.72","22","6.73","5","0.00"
"2441  ","超豐  ","1713956","614","73451262","43.3","43.3","42.7","42.8","-","0.35","42.8","41","42.9","173","8.44"
"2442  ","新美齊","328100","98","3057675","9.4","9.4","9.2","9.22","+","0.05","9.22","6","9.25","4","131.71"
"2443  ","新利虹","6572757","787","49285180","7.19","7.56","7.07","7.56","+","0.49","7.56","2,289","--","0","0.00"
"2444  ","友旺  ","4323702","854","77244572","18.4","18.4","17.45","17.8","-","0.2","17.8","129","17.85","6","0.00"
"2446  ","全懋  ","22581153","6751","893661292","39.4","40.1","38.9","39.3","+","0.3","39.3","82","39.35","26","7.51"
"2447  ","鼎新  ","1717501","639","59518978","34.5","35.7","33.5","33.6","-","0.7","33.6","4","33.7","4","13.49"
"2448  ","晶電  ","6818184","2479","675730906","98","101","98","98.7","+","0.4","98.7","81","98.8","22","27.04"
"2449  ","京元電","8173071","2344","220337810","27.3","27.35","26.8","26.8","-","0.4","26.8","322","26.85","10","10.04"
"2450  ","神腦  ","4238046","994","122771660","28.1","29.65","28","28.9","+","0.95","28.9","45","29","63","29.19"
"2451  ","創見  ","2507285","996","215698225","86.9","86.9","85.3","85.4","-","0.6","85.4","134","85.5","15","13.3"
"2452  ","乾坤  ","1020099","378","44264686","42.4","44.2","42.3","43.35","+","1.15","43.35","3","43.4","2","14.31"
"2453  ","凌群  ","204550","72","1784665","8.6","8.85","8.6","8.84","+","0.25","8.71","1","8.84","4","0.00"
"2454  ","聯發科","11893831","7140","4241629992","338","360.5","338","360.5","+","23.5","360.5","350","--","0","16.47"
"2455  ","全新  ","480000","244","21842400","45.6","46.1","45.1","45.3","-","0.1","45.25","1","45.3","1","22.99"
"2456  ","奇力新","5131267","1461","104409412","20.3","20.8","20","20.1","+","0.3","20.1","10","20.15","3","11.29"
"2457  ","飛宏  ","24198353","4290","554532556","22","23.25","22","23.25","+","1.5","23.25","27,146","--","0","16.49"
"2458  ","義隆  ","13417386","3011","285827243","20.9","21.65","20.6","21.65","+","1.4","21.65","5,681","--","0","20.23"
"2459  ","敦吉  ","2756400","1029","116793303","42.85","43","41.85","41.85","-","0.8","41.85","44","42.1","16","8.89"
"2460  ","建通  ","761882","388","30052098","39.45","39.9","39.1","39.15","-","0.3","39.15","2","39.2","18","11.06"
"2461  ","光群雷","2017912","536","70968420","35.5","35.6","34.4","35.4","-","0.25","35","1","35.4","46","15.73"
"2462  ","良得電","801787","216","15938287","20","20.1","19.7","19.8","-","0.15","19.8","45","19.9","18","11.38"
"2463  ","研揚  ","243205","91","7768946","31.9","32.15","31.6","31.9"," ","0","31.65","5","31.9","6","15.56"
"2464  ","盟立  ","1576629","562","53273615","34","34.15","33.55","33.6","-","0.25","33.55","33","33.6","25","8.42"
"2465  ","麗臺  ","3754245","869","39276550","10.9","10.9","10.05","10.05","-","0.35","10.05","31","10.2","3","0.00"
"2466  ","冠西電","398912","139","13016950","33","33","32.2","32.55","+","0.55","32.55","2","32.9","7","38.29"
"2467  ","志聖  ","1222709","351","31520140","26","26.05","25.65","25.7","-","0.1","25.7","6","25.75","10","9.21"
"2468  ","華經  ","1567166","418","21631863","14","14.05","13.4","13.45","-","0.1","13.45","4","13.5","18","10.27"
"2469  ","力信  ","3682986","1113","90373639","24.7","24.9","24.3","24.35","-","0.35","24.35","57","24.4","6","14.94"
"2471  ","資通  ","586600","163","6294100","10.8","11","10.5","10.6","+","0.15","10.6","10","10.7","26","0.00"
"2472  ","立隆電","1665767","363","36313709","21.8","21.8","21.8","21.8","+","1.4","21.8","2,415","--","0","545"
"2473  ","思源  ","1977427","833","107936106","55.1","55.5","54","54.2","-","0.8","54.2","17","54.3","7","13.45"
"2474  ","可成  ","4448608","2753","1457594100","321","331","320","326","+","7.5","326","23","327","1","24.85"
"2475  ","華映  ","110573399","10805","789983592","7.05","7.24","7.01","7.06","+","0.06","7.06","100","7.07","86","0.00"
"2476  ","鉅祥  ","7903963","2741","378754472","49.1","49.5","46.8","46.8","-","2.4","46.8","36","47","42","16.77"
"2477  ","美隆電","316322","134","7715437","24.7","24.8","24","24.45","-","0.1","24.35","1","24.45","2","20.04"
"2478  ","大毅  ","621194","145","23615981","37.5","38.5","37.5","38.5","+","0.85","38.5","5","38.65","2","21.39"
"2479  ","和立  ","893879","73","1320766","1.4","1.49","1.4","1.49","+","0.09","1.49","161","--","0","0.00"
"2480  ","敦陽科","4698643","970","83528650","17.5","18.1","17.45","17.55","+","0.05","17.55","66","17.8","2","12.1"
"2481  ","強茂  ","16269134","3726","362174954","21.2","22.65","21","22.65","+","1.45","22.65","292","--","0","19.36"
"2482  ","連宇  ","1545710","551","43252068","28.2","28.8","27.3","27.3"," ","0","27.3","20","27.5","1","24.82"
"2483  ","百容  ","2785477","895","73865197","25.7","27.15","25.5","27.15","+","1.75","27.15","21","--","0","15.17"
"2484  ","希華  ","3747480","967","79598383","21.1","21.6","21","21.2","+","0.2","21.2","22","21.25","32","11.4"
"2485  ","兆赫  ","4257564","1798","188967678","43.6","45","43.35","44.45","+","1.35","44.45","6","44.5","51","16.59"
"2486  ","一詮  ","18254620","3437","656925531","36.4","36.9","34.5","34.5"," ","0","34.4","7","34.5","1,032","12.45"
"2488  ","漢平  ","1576213","397","24353005","15.5","15.6","15.3","15.35","+","0.1","15.35","83","15.4","14","76.75"
"2489  ","瑞軒  ","27356756","6006","755859109","27","28.25","26.7","28","+","1.2","27.95","8","28","167","14.51"
"2491  ","吉祥全","3732668","633","23454703","6","6.4","6","6.27","+","0.18","6.27","43","6.28","6","0.00"
"2492  ","華新科","9038733","2441","278715146","31","31.25","30.5","30.55","-","0.35","30.55","6","30.6","77","11.36"
"2493  ","揚博  ","1503753","396","22027714","14.7","14.85","14.5","14.55","+","0.1","14.55","53","14.6","17","14.41"
"2494  ","廣業科","64529","60","923006","14.1","14.8","13.8","14.8","+","0.75","13.8","2","14.8","3","0.00"
"2495  ","普安  ","2402614","860","125027394","52.4","52.8","51.6","51.9","-","0.5","51.9","98","52","17","10.16"
"2496  ","卓越  ","194286","46","492885","2.5","2.62","2.28","2.62","+","0.17","2.62","4","--","0","0.00"
"2497  ","怡利電","132128","36","3153086","24.1","24.1","23.4","23.5","-","0.5","23.45","27","23.5","1","0.00"
"2498  ","宏達電","6047089","4363","4038261096","660","675","655","664","+","19","663","102","664","7","12.64"
"2499  ","東貝  ","4194343","1436","129966118","30.95","31.6","30.55","30.7","+","0.5","30.7","68","30.8","86","48.73"
"2501  ","國建  ","2547796","882","58894690","23.5","23.7","22.9","22.9","-","0.5","22.9","17","23","63","30.53"
"2504  ","國產  ","21399569","3805","380194355","17.8","18.15","17.35","17.9","+","0.3","17.85","112","17.9","10","20.81"
"2505  ","國揚  ","6974800","1981","179813228","27.4","27.4","25.15","25.15","-","1.75","25.15","4","25.2","9","209.58"
"2506  ","太設  ","4717125","960","35752141","7.66","7.7","7.5","7.5","-","0.1","7.5","126","7.52","10","13.16"
"25062 ","太設二","0","0","0","--","--","--","--"," ","0","--","","--","","0.00"
"2509  ","全坤建","1137270","451","34264143","30.8","31.1","29.5","29.65","-","0.55","29.65","11","30","6","18.89"
"2511  ","太子  ","2452076","778","54519792","22.5","22.5","22.05","22.15","+","0.1","22.1","47","22.15","64","27.69"
"2514  ","龍邦  ","1636853","230","36181016","21.9","22.25","21.8","22.2","+","0.25","22.2","7","22.25","76","58.42"
"2515  ","中工  ","22045541","3446","167020850","7.58","7.73","7.51","7.51","-","0.04","7.51","598","7.52","13","41.72"
"2520  ","冠德  ","9486766","2048","152173972","16.55","16.85","15.7","15.8","-","0.85","15.8","5","15.9","12","28.73"
"2524  ","京城  ","1996134","696","66975440","33.5","33.8","33.2","33.45","+","0.15","33.45","10","33.55","3","11.61"
"2526  ","大陸  ","4851676","1460","138086449","28.8","28.85","28.25","28.3"," ","0","28.3","67","28.35","30","8.45"
"2527  ","宏璟  ","3007244","919","60907114","20.5","20.9","19.75","20.05","-","0.65","20","181","20.05","5","28.64"
"2528  ","皇普  ","116536","18","465565","4.14","4.14","3.8","3.8","-","0.1","3.81","20","4.12","20","0.00"
"2530  ","華建  ","3884165","510","29590522","7.65","7.8","7.5","7.62","-","0.03","7.62","52","7.64","3","0.00"
"2534  ","宏盛  ","7875689","1695","195791581","25.2","25.45","24.7","24.8","-","0.4","24.8","32","24.85","481","6.42"
"2535  ","達欣工","5797606","1284","78186495","13.35","13.9","13","13.9","+","0.6","13.9","7","13.95","113","10.78"
"2536  ","宏普  ","239102","114","9063714","38.4","38.4","37.5","38.3","-","0.2","38","11","38.3","6","18.07"
"2537  ","聯上發","88558","43","850402","9.67","9.67","9","9.65","+","0.61","9.2","5","9.65","1","0.00"
"2538  ","基泰  ","7310013","1646","184776129","25.95","26.05","24.9","25.8","-","0.15","25.3","4","25.8","40","16.54"
"2539  ","櫻花建","1580","6","7044","--","--","--","--"," ","0","--","","--","","0.00"
"2540  ","愛山林","105040","24","316630","3.01","3.14","3","3","-","0.22","--","0","3","59","0.00"
"2542  ","興富發","3407832","937","143192085","42.75","42.75","41.8","42","-","0.8","42","74","42.05","11","14.79"
"2543  ","皇昌  ","3339046","718","47620987","14.4","14.4","14.1","14.3","+","0.1","14.3","3","14.35","41","8.56"
"2545  ","皇翔  ","2329491","989","165821303","73.9","73.9","70.6","70.6","-","2.2","70.6","14","71","172","18.01"
"2546  ","根基  ","620000","144","6285000","10.25","10.25","10.05","10.05","-","0.2","10.05","12","10.1","6","8.66"
"2547  ","日勝生","3717577","1423","180013569","49","49.2","47.85","47.85","-","1.15","47.85","4","48","54","435"
"2548  ","華固  ","2370950","828","162710487","70","70.1","67.8","68.3","-","2","68.2","3","68.3","39","10.74"
"2601  ","益航  ","10451290","3018","366320656","33.85","35.6","33.3","35.6","+","2.3","35.6","249","--","0","19.89"
"2603  ","長榮  ","8550464","2180","163348366","19","19.3","18.9","19.1","+","0.25","19.1","407","19.15","149","20.99"
"2605  ","新興  ","7830406","2431","343291913","42.8","44.6","42.8","43.65","+","1.15","43.65","4","43.9","11","8.17"
"2606  ","裕民  ","11960468","3020","550815638","45","47.55","44.3","46.9","+","2.45","46.9","4","46.95","13","8.85"
"2607  ","榮運  ","8508026","1843","162227337","19.2","19.3","18.7","19.3"," ","0","19.1","85","19.3","702","14.62"
"2608  ","大榮  ","7208005","1337","157852992","21.9","22.35","21.5","21.8","-","0.1","21.75","8","21.8","47","726.67"
"2609  ","陽明  ","15681089","3844","292130598","18.7","19","18.25","18.25","-","0.55","18.25","696","18.5","171","16.59"
"2610  ","華航  ","7299872","1248","111557351","15.3","15.35","15.2","15.3","+","0.1","15.25","1,063","15.3","82","0.00"
"2611  ","志信  ","4486199","858","83507748","18.9","18.95","18.3","18.45","-","0.45","18.45","44","18.5","55","73.8"
"2612  ","中航  ","2217894","865","93495733","41.5","43","41.2","41.75","+","0.25","41.75","42","41.8","1","9.3"
"2613  ","中櫃  ","984100","262","13807645","14","14.25","13.8","14","+","0.05","14","28","14.05","44","5.96"
"2614  ","東森  ","45180348","6079","568482089","12.35","12.8","12.3","12.5","+","0.15","12.5","382","12.55","173","3.92"
"2615  ","萬海  ","5470313","1700","111454305","20.1","20.7","19.95","20.5","+","0.5","20.45","29","20.5","181","9.67"
"2616  ","山隆  ","731113","288","12280002","16.6","17.2","16.5","16.6"," ","0","16.6","19","16.7","10","9.82"
"2617  ","台航  ","2021911","687","52946577","25.4","26.75","25.4","26.5","+","1.2","26.5","77","26.55","7","10.47"
"2618  ","長榮航","16489316","2072","225343099","13.6","13.85","13.55","13.6","+","0.05","13.6","146","13.65","12","0.00"
"2701  ","萬企  ","523485","206","10026725","19.4","19.6","19","19.05","+","0.2","19.05","4","19.1","5","34.02"
"2702  ","華園  ","471926","182","17662876","38","38","37.1","37.15","-","0.4","37.15","3","37.3","6","80.76"
"2704  ","國賓  ","5322065","1107","187874177","35.7","35.75","35","35.2","-","0.75","35.2","23","35.25","13","37.05"
"2705  ","六福  ","2178242","556","54884573","25.4","25.4","25.05","25.1","-","0.15","25.1","72","25.15","8","0.00"
"2706  ","第一店","219989","113","8148941","37","37.7","36.6","36.9"," ","0","36.7","3","36.9","3","30.75"
"2707  ","晶華  ","192345","120","19154147","99.5","100.5","98.6","99.3","-","0.3","99.3","5","100","7","25.86"
"2801  ","彰銀  ","17578961","3540","408714668","22.75","23.5","22.75","23.3","+","0.55","23.3","72","23.35","196","0.00"
"2807  ","竹商銀","1217661","456","29628185","24.15","24.5","24.15","24.45","+","0.05","24.45","53","24.5","345","0.00"
"2809  ","京城銀","4976370","891","53281170","10.45","10.9","10.35","10.7","+","0.35","10.7","113","10.75","211","0.00"
"2812  ","台中銀","34902928","3128","312446231","8.6","9.09","8.58","9.09","+","0.59","9.09","2,328","--","0","0.00"
"2816  ","旺旺保","4573611","703","31967427","6.75","7.08","6.75","7.04","+","0.32","7.03","128","7.04","15","64"
"2820  ","華票  ","17767319","2872","166746366","9.3","9.6","9.1","9.5","+","0.5","9.49","11","9.5","210","11.45"
"2823  ","中壽  ","30678231","5486","549533658","17.4","18.4","17.35","18","+","0.4","17.95","210","18","15","23.38"
"2827  ","中聯  ","50666","62","234740","4.64","4.7","4.64","4.68","-","0.01","4.56","20","4.69","1","0.00"
"2831  ","中華銀","27550055","2749","107829788","3.84","4","3.75","3.95","+","0.16","3.95","313","3.96","334","0.00"
"2832  ","台產  ","8603268","1627","183555317","20.35","21.6","20.2","21.6","+","1.4","21.6","823","--","0","9.56"
"2833  ","台壽保","3166062","1115","142228351","44.1","45.5","43.75","44.8","+","0.9","44.8","12","44.9","5","14.09"
"2834  ","臺企銀","157526464","14002","1728167054","10.4","11.1","10.4","11.1","+","0.7","11.1","1,119","--","0","0.00"
"2836  ","高雄銀","18026999","2847","359993180","19","20.25","18.8","20.15","+","1.2","20.15","48","20.2","119","20.35"
"2837  ","萬泰銀","4063970","788","52696410","12.7","13.2","12.5","13.1","+","0.4","13.1","8","13.15","165","0.00"
"2838  ","聯邦銀","3576434","660","34094077","9.15","9.78","9.14","9.6","+","0.45","9.6","15","9.62","53","0.00"
"2841  ","台開  ","7210000","1372","135880400","19.4","19.6","18.35","18.35","-","0.85","18.35","15","18.4","20","7.49"
"2845  ","遠東銀","12065981","1925","192208905","15.7","16.1","15.65","15.8","+","0.2","15.8","146","15.9","65","0.00"
"2847  ","大眾銀","22146329","1595","249435393","11.2","11.35","11","11.25","+","0.3","11.25","2,212","11.3","2,761","0.00"
"2849  ","安泰銀","1794504","272","18295040","10","10.4","10","10.1","+","0.1","10.1","38","10.2","135","0.00"
"2850  ","新產  ","3989026","1120","76000772","18.4","19.4","18.3","19.4","+","1.2","19.35","22","19.4","222","11.02"
"2851  ","中再保","2106666","388","27629174","12.8","13.4","12.8","13.2","+","0.45","13.2","10","13.25","5","9.43"
"2852  ","第一保","4794367","813","87136739","17.7","18.4","17.4","18.4","+","1.2","18.4","166","--","0","10.17"
"2854  ","寶來證","21805866","3852","379853782","17.25","17.7","16.95","17.45","+","0.3","17.4","257","17.45","3","22.66"
"2855  ","統一證","7782908","1259","139366594","17.55","18","17.55","18","+","0.45","17.95","235","18","401","12.59"
"2856  ","元富證","14621374","1805","199768796","13.4","13.85","13.35","13.7","+","0.35","13.7","197","13.75","81","27.96"
"2880  ","華南金","21511788","3772","533954063","24.3","25.1","24.2","25","+","0.85","24.95","229","25","314","17.01"
"2881  ","富邦金","14400450","2660","449024066","30.6","31.5","30.6","31.1","+","0.6","31.1","175","31.2","13","64.79"
"2882  ","國泰金","20877177","5687","1583954108","74.2","76.8","74","76","+","2","76","206","76.1","223","89.41"
"2883  ","開發金","65445437","10600","1025220596","15.1","16","15.05","16","+","1","15.95","549","16","5,538","12.4"
"2883A ","開發特","1000","1","16900","16.9","16.9","16.9","16.9"," ","0","16.9","70","17.1","12","0.00"
"2884  ","玉山金","5874205","852","135219302","22.6","23.2","22.5","23","+","0.4","22.9","202","23","7","121.05"
"2885  ","元大金","6013075","1015","99754322","16.05","16.8","16.05","16.75","+","0.45","16.7","907","16.75","241","0.00"
"2886  ","兆豐金","23777525","2852","576149809","23.95","24.5","23.85","24.35","+","0.4","24.35","16","24.4","119","13.16"
"2887  ","台新金","68395429","8476","1374562711","19.2","20.4","19.1","20.4","+","1.3","20.4","5,003","--","0","0.00"
"2887C ","新丙特","0","0","0","--","--","--","--"," ","0","30.4","6","31.4","20","0.00"
"2888  ","新光金","45216489","8172","1616900124","35.2","36.5","34.8","35.15","+","0.05","35.15","101","35.2","2","17.93"
"2889  ","國票金","18080623","2770","199012620","10.8","11.25","10.7","11.15","+","0.4","11.1","171","11.15","368","11.74"
"2890  ","永豐金","21877279","2284","385090279","17.5","17.75","17.4","17.65","+","0.2","17.65","389","17.7","3,457","18.78"
"2891  ","中信金","34896684","4344","956988858","27.25","27.85","27.2","27.35","+","0.1","27.35","15","27.4","151","0.00"
"2892  ","第一金","21133576","2937","531501661","24.75","25.4","24.7","25.2","+","0.45","25.2","61","25.25","147","18.67"
"2901  ","欣欣  ","89401","60","2334026","26.7","26.7","25.7","26.05","-","0.5","26.05","1","26.4","4","434.17"
"2903  ","遠百  ","17209703","2891","369001908","20.95","21.9","20.9","21.3","+","0.5","21.25","73","21.3","92","32.77"
"2904  ","匯僑  ","388953","32","1112195","2.86","2.86","2.86","2.86","+","0.18","2.68","10","2.86","73","31.78"
"2905  ","三商  ","15537485","2463","203989713","13","13.5","12.75","13.4","+","0.3","13.3","23","13.4","30","11.26"
"2906  ","高林  ","1531702","359","17069990","11.1","11.2","11.05","11.1","+","0.1","11.1","26","11.15","43","14.61"
"2908  ","特力  ","6420054","1479","128661466","19.2","20.35","19.1","20.2","+","1.15","20.15","30","20.2","2","16.83"
"2910  ","統領  ","12668","11","424243","33.5","33.5","33.5","33.5","+","2","--","0","33.5","2","29.39"
"2911  ","麗嬰房","5958187","1607","157504075","25.1","26.55","25.1","26.55","+","1.7","26.55","97","--","0","27.09"
"2912  ","統一超","546694","317","42932635","79.1","79.1","78","78.7"," ","0","78.7","20","78.8","86","22.55"
"2913  ","農林  ","5442087","893","42676924","7.8","7.89","7.78","7.81","+","0.06","7.81","62","7.83","4","0.00"
"2915  ","潤泰全","10780338","1934","263728636","24.2","24.6","24","24.6","+","1.6","24.6","20,110","--","0","36.18"
"3002  ","歐格  ","744900","265","17673488","23.4","24.2","23.3","23.7","+","0.4","23.7","14","23.8","10","9.4"
"3003  ","健和興","1500958","452","68172187","46.5","46.6","44.3","44.65","-","1.85","44.65","1","44.7","1","17.24"
"3004  ","豐達科","98028","21","229801","2.19","2.4","2.19","2.19","-","0.16","2.19","21","2.4","102","0.00"
"3005  ","神基  ","1519853","460","22400546","14.6","14.95","14.6","14.65"," ","0","14.65","13","14.7","12","8.57"
"3006  ","晶豪科","5766270","1839","201454979","34.9","35.3","34.3","34.7"," ","0","34.6","20","34.7","22","19.83"
"3007  ","綠點  ","162020","166","17538660","108","108.5","108","108.5","+","0.5","108","18,955","108.5","172","21.66"
"3008  ","大立光","1988769","1510","1267792008","631","645","630","630"," ","0","629","1","630","4","21.76"
"3009  ","奇美電","20755110","5192","678972719","33.2","33.2","32.55","32.55","-","0.45","32.55","1,312","32.6","111","16.44"
"3010  ","華立  ","954416","471","63797071","66.7","67.2","66.6","66.6"," ","0","66.6","24","66.8","3","9.79"
"3011  ","今皓  ","3643857","984","61999575","16.6","17.15","16.5","17.15","+","1.1","17.15","5,980","--","0","21.44"
"3013  ","晟銘電","2848294","527","38159872","13.65","13.7","13.1","13.1","-","0.45","13.1","216","13.3","8","15.41"
"3014  ","聯陽  ","11612292","3118","456041394","37.6","39.55","37.2","39.55","+","2.55","39.55","173","--","0","13.88"
"3015  ","全漢  ","631500","231","26897673","42.95","43.1","42.35","42.35","-","0.3","42.35","17","42.5","10","12.76"
"3016  ","嘉晶  ","4594927","1400","206533658","44.95","44.95","44.8","44.95","+","2.9","44.95","13,266","--","0","18.81"
"3017  ","奇鋐  ","7116333","1439","149388130","20.4","21.2","20.35","21.2","+","1.35","21.2","3,056","--","0","0.00"
"3018  ","同開  ","1655050","308","10799171","6.45","6.6","6.44","6.47","-","0.02","6.47","18","6.53","5","0.00"
"3019  ","亞光  ","2714272","1069","407140800","150","150","150","150","+","9.5","150","4,777","--","0","16.45"
"3020  ","奇普仕","904556","273","19306280","22","22.15","20.7","21.3","-","0.9","21.2","10","21.5","2","0.00"
"3021  ","鴻名  ","8339","8","91060","10.8","11.7","10.8","11.7","+","0.1","10.85","2","11.7","7","0.00"
"3022  ","威強電","2218995","792","68728279","31.3","31.4","30.65","30.7","-","0.6","30.7","82","30.8","9","12.69"
"3023  ","信邦  ","2697265","821","104150996","38.8","38.9","38.35","38.35"," ","0","38.3","58","38.35","20","9.49"
"3024  ","憶聲  ","10596271","2438","220735608","20.3","21.3","20.25","20.8","+","0.55","20.75","116","20.8","53","13.42"
"3025  ","星通  ","2173390","777","43360961","19.35","20.6","19.3","20.1","+","0.75","20.1","20","20.15","2","28.71"
"3026  ","禾伸堂","4794999","1735","263918722","55","55.7","54.4","54.7","+","0.5","54.6","88","54.7","18","12.08"
"3027  ","盛達  ","1035529","373","21983468","21.3","21.7","20.8","20.85","-","0.1","20.85","45","20.95","5","11.33"
"3028  ","增你強","8192841","2107","190427743","23","23.7","22.6","23.1","+","0.5","23.1","56","23.15","13","9.06"
"3029  ","零壹  ","548729","186","6322359","11.6","11.85","11.35","11.4","-","0.1","11.4","22","11.5","24","142.5"
"3030  ","德律  ","1677374","710","68933856","41","41.4","40.7","41","+","0.45","41","71","41.05","2","7.84"
"3031  ","佰鴻  ","1098600","429","39660504","36.1","36.5","35.8","35.8","-","0.2","35.75","1","35.8","66","13.72"
"3032  ","偉訓  ","3119180","765","64763855","21","21.3","20","21","+","0.2","20.8","11","21","25","10.66"
"3033  ","威健  ","2308876","591","51993395","22.55","22.65","22.4","22.45"," ","0","22.45","59","22.5","28","6.78"
"3034  ","聯詠  ","7721868","4376","1157911464","148.5","151.5","147","148.5","+","1","148.5","47","149","33","12.72"
"3035  ","智原  ","6242963","2328","490811927","79.9","80","77.5","77.5","-","1.3","77.5","71","77.8","3","17.11"
"3036  ","文曄  ","3207511","1030","98048476","30.55","30.9","30.3","30.35","-","0.45","30.35","48","30.45","23","10.96"
"3037  ","欣興  ","28941793","6579","1302108685","45","45.7","44.15","45.4","+","0.45","45.35","94","45.4","44","10.02"
"3038  ","全台  ","3221811","863","52511072","16.35","16.6","15.95","15.95","-","0.4","15.95","118","16","17","19.45"
"3040  ","遠見  ","885940","290","15220270","17.5","17.5","16.95","17.3","+","0.5","17.2","91","17.3","6","0.00"
"3041  ","揚智  ","19364739","4703","1147030351","60","60.8","58","59","-","0.3","58.8","81","59","192","17.61"
"3042  ","晶技  ","2233998","787","116363086","52.1","52.3","51.8","52","-","0.1","52","354","52.1","36","14.29"
"3043  ","科風  ","1854708","1076","114642334","61.6","62.6","61.3","61.3","-","0.1","61.3","46","61.4","24","41.14"
"3044  ","健鼎  ","562195","369","66209410","117.5","118.5","116.5","118","+","1","117.5","100","118","9","14.69"
"3045  ","台灣大","2845681","775","95103974","33.7","33.7","33.25","33.4","-","0.4","33.4","14","33.45","1","9.94"
"3046  ","建碁  ","1684341","385","14480635","8.75","8.77","8.35","8.35","-","0.25","8.35","3","8.4","18","0.00"
"3047  ","訊舟  ","708674","151","11740500","16.6","16.9","16.45","16.65","+","0.05","16.65","199","16.7","59","11.98"
"3048  ","益登  ","1798372","463","28896491","16","16.45","15.75","15.9","+","0.2","15.9","16","16","28","17.28"
"3049  ","和鑫  ","45835483","6232","346441082","7.35","7.74","7.35","7.74","+","0.5","7.74","15,900","--","0","0.00"
"3050  ","鈺德  ","4405055","752","41437151","9.5","9.57","9.2","9.31","-","0.09","9.31","216","9.36","5","0.00"
"3051  ","力特  ","11619474","3300","272422215","23.05","23.85","22.9","23.2","+","0.2","23.2","21","23.25","140","0.00"
"3052  ","夆典  ","1193339","198","7259913","6.3","6.3","5.91","6.01","+","0.1","6.01","11","6.07","1","0.00"
"3053  ","鼎營  ","2000","2","4040","1.89","2.15","1.89","2.15","+","0.12","1.89","2","2.17","1","0.00"
"3054  ","萬國  ","20468","16","585697","29","29","28","28.2","-","0.8","28.2","3","28.8","4","0.00"
"3055  ","蔚華科","1056679","394","29609000","27.85","28.3","27.8","28","+","0.1","27.9","3","28","19","8.16"
"3056  ","總太  ","41150","9","190826","4.3","4.65","4.3","4.64","+","0.29","4.5","10","4.64","5","0.00"
"3057  ","喬鼎  ","2770354","637","77664829","28.7","28.7","27.6","27.6","-","0.7","27.55","82","27.6","86","131.43"
"3058  ","立德  ","9217809","1786","234887825","25.75","25.75","24.8","25.1","+","1","25.05","19","25.1","13","15.89"
"3059  ","華晶科","13683504","5593","844021836","60.3","62.8","59.7","62.2","+","2.7","62.1","30","62.2","30","6.93"
"3060  ","銘異  ","3159100","1101","209076150","65.5","67.5","63.9","66.6","+","1.6","66.6","18","66.7","7","15.17"
"3061  ","璨圓  ","15145867","4394","442186372","28","29.9","27.8","29.2","+","1.2","29.2","145","29.25","25","0.00"
"3062  ","建漢  ","12364957","4833","859790151","71.9","72","68.4","68.5","-","2.8","68.5","133","68.6","16","49.28"
"3063  ","飛信  ","1981269","660","55559770","28.35","28.35","27.9","27.95","-","0.5","27.95","25","28","20","15.27"
"3130  ","一零四","379200","289","73166400","192","195.5","189","192","+","1.5","192","9","193","3","20.25"
"3142  ","遠茂  ","347600","34","689440","2.06","2.06","1.83","1.94","+","0.01","1.94","12","1.99","83","0.00"
"3189  ","景碩  ","17223645","7546","1727309600","97.2","102.5","97","101.5","+","5.5","101","80","101.5","30","10.37"
"3214  ","元砷  ","5545128","1266","173883468","31.25","31.75","31","31.05"," ","0","31.05","31","31.1","9","0.00"
"3231  ","緯創  ","18264916","4927","872674934","49","49","47","48.8","+","0.4","48.8","64","48.85","7","11.32"
"3271  ","其樂達","4371104","1448","102478310","22.25","23.8","22.25","23.8","+","1.55","23.8","113","--","0","0.00"
"3311  ","閎暉  ","952657","601","138038108","147.5","147.5","142","145","-","2.5","145","182","145.5","2","17.6"
"3315  ","宣昶  ","742025","420","49742775","67.4","68.4","66","66.6","-","0.9","66.6","8","66.8","1","14.61"
"3356  ","奇偶  ","234300","179","37867948","163.5","163.5","159","161.5","-","2","161.5","1","163","6","15.43"
"3367  ","英華達","2552008","1565","227202805","91.5","91.5","88","88.8","-","2.2","88.8","13","88.9","4","16.88"
"3380  ","明泰  ","2837208","934","87579597","31.3","31.3","30.55","30.7","-","0.85","30.7","4","30.75","44","10.62"
"3406  ","玉晶光","821800","642","112427400","139","139","134.5","135.5","-","3","135.5","17","136.5","10","19.52"
"3443  ","創意  ","1466745","737","236365812","161.5","161.5","156","161.5","+","10.5","161.5","886","--","0","148.17"
"3450  ","聯鈞  ","1612320","572","44206303","28.1","28.2","27","27.1","-","0.7","27.1","21","27.2","5","13.69"
"3474  ","華亞科","15895979","3123","616909630","39.2","39.35","38.6","38.8","-","0.3","38.8","291","38.85","58","10.99"
"3481  ","群創  ","19675930","5532","1178881274","59.3","61","57.8","60.3","+","1.2","60.3","4","60.4","52","134"
"3701  ","大眾控","396115","163","2007001","5","5.19","4.77","5.13","+","0.15","5.01","32","5.13","21","0.00"
"3702  ","大聯大","5664534","1166","102624040","18","18.3","17.95","18","+","0.05","18","55","18.05","34","16.67"
"4106  ","雃博  ","196723","68","2528826","12.6","13.1","12.6","13","+","0.55","12.9","1","13","6","15.85"
"4119  ","旭富  ","54000","25","1074850","19.8","20.1","19.7","19.9","+","0.4","19.8","9","19.9","1","13.82"
"4414  ","如興  ","859998","127","6137583","7.1","7.2","7.06","7.2","+","0.08","7.15","6","7.2","137","65.45"
"4526  ","東台  ","350522","193","18137577","51.7","52","51.5","51.7"," ","0","51.7","10","51.8","42","8.93"
"4532  ","瑞智  ","13851196","2083","260212840","18.95","18.95","18.25","18.25","+","0.5","18.25","89","18.3","106","22.53"
"4904  ","遠傳  ","2182907","662","80308232","37","37.1","36.55","36.9","-","0.05","36.7","22","36.9","4","10.88"
"4906  ","正文  ","4265910","1767","299279548","71.5","71.6","69.5","69.5","-","1.4","69.5","247","69.6","6","16.67"
"5203  ","訊連  ","1603016","1002","246990900","156","156.5","151","151","-","3","151","79","151.5","18","17.34"
"5305  ","敦南  ","1036065","399","34102460","32.8","33.2","32.7","32.8","+","0.1","32.8","18","32.85","22","14.14"
"5434  ","崇越  ","5666274","2670","430910053","73.4","77.2","73","74.5","+","2.3","74.5","55","74.9","2","18.77"
"5469  ","瀚宇博","2857985","751","81052280","28.2","28.55","28.1","28.15","-","0.05","28.15","19","28.2","1","8.38"
"5471  ","松翰  ","3622935","1936","311060040","86.5","87.3","84","84","-","1.5","84","32","84.2","173","19.09"
"5484  ","慧友  ","2530554","840","97627643","37.75","39.4","37.6","38.9","+","1.15","38.7","1","38.9","28","21.03"
"5515  ","建國  ","6448462","991","110814204","17.1","17.45","16.9","17.2","+","0.55","17.2","80","17.25","19","8.73"
"5525  ","順天  ","454473","195","18800050","42.7","42.7","41","41.1","-","1.3","41.1","5","41.65","1","10.05"
"5531  ","鄉林  ","857040","407","55886260","67","67.4","64.5","64.6","-","2.2","64.6","4","65","11","18.89"
"5534  ","長虹  ","921478","519","80409795","87.3","90.3","86","86.4","-","1.8","86.4","6","87","5","12.63"
"5607  ","遠雄港","334354","144","7501894","22.8","22.8","22.3","22.3","-","0.4","22.3","3","22.4","18","0.00"
"5608  ","四維航","4891624","1559","153983199","31","32","30.7","31.5","+","0.75","31.5","27","31.55","12","7.52"
"5854  ","合庫  ","57672834","12696","1428255133","24.2","25.1","24.1","24.9","+","0.7","24.9","113","24.95","122","14.91"
"6004  ","元京證","11224274","1883","308489619","27.15","27.75","26.95","27.65","+","0.6","27.65","71","27.7","355","30.72"
"6005  ","群益證","14878294","1680","215799637","14.1","14.75","14","14.6","+","0.55","14.55","164","14.6","143","25.61"
"6012  ","金鼎證","1644596","504","16839885","9.89","10.4","9.83","10.4","+","0.5","10.35","12","10.4","38","0.00"
"6112  ","聚碩  ","537993","123","8929984","16.2","17.2","16.2","16.5","+","0.3","16.5","18","16.9","3","23.24"
"6115  ","鎰勝  ","1206519","488","59552581","49.3","49.8","49","49","-","0.1","49","23","49.1","7","9.9"
"6116  ","彩晶  ","43306159","5321","269892728","6.2","6.33","6.15","6.16","-","0.02","6.16","321","6.17","133","0.00"
"6117  ","迎廣  ","324827","103","5813386","17.9","18","17.8","17.85","+","0.05","17.8","53","17.9","1","13.52"
"6119  ","大傳  ","952777","216","13809242","14.5","14.55","14.45","14.45","+","0.05","14.45","53","14.5","2","11.29"
"6120  ","達運  ","1313684","550","42924554","32.9","33.05","32.5","32.5","-","0.2","32.5","7","32.6","14","10.42"
"6128  ","上福  ","481989","208","14911457","31.3","31.5","30.8","30.8","-","0.2","30.8","10","30.85","2","10.03"
"6131  ","悠克  ","968922","403","41985545","43.7","43.8","43.05","43.1","-","0.4","43.1","7","43.3","17","9.95"
"6133  ","金橋  ","2275285","573","62724140","27.5","27.9","27.2","27.35","+","0.25","27.35","32","27.45","2","9.63"
"6136  ","富爾特","1169762","342","22845315","19.6","19.65","19.35","19.55","+","0.05","19.5","32","19.55","40","12.86"
"6139  ","亞翔  ","1354459","448","78405663","58","58.5","57.1","57.2","-","0.7","57.2","29","57.4","16","12.41"
"6141  ","柏承  ","1190664","483","44616647","37.8","37.8","37.25","37.25"," ","0","37.25","101","37.4","7","11.68"
"6142  ","友勁  ","4436521","1603","127063377","29.05","29.3","28.15","28.2","-","0.8","28.2","44","28.35","5","14.39"
"6145  ","勁永  ","7722396","2995","189280004","25.7","25.75","23.9","24","-","1.6","23.95","64","24","7","12.18"
"6155  ","鈞寶  ","119087","64","3656148","30.9","30.95","30.5","30.8","+","0.2","30.65","2","30.8","6","10.92"
"6165  ","捷泰  ","16011","15","312210","19.6","19.6","19.4","19.6"," ","0","19.4","15","19.6","9","9.07"
"6166  ","凌華  ","643000","341","23136180","35.3","36.3","35.3","36.1","+","1","36","1","36.1","21","10.14"
"6168  ","宏齊  ","2911372","1119","112871556","37.6","39.3","37.6","38.3","+","0.75","38.3","13","38.35","4","22.14"
"6172  ","互億  ","786573","235","9659929","12.7","12.7","11.85","12.25","+","0.2","12.2","6","12.25","1","0.00"
"6184  ","大豐電","101201","53","3795936","37.65","37.65","37.35","37.5","-","0.2","37.5","10","37.65","5","9.69"
"6189  ","豐藝  ","470965","196","14476325","30.7","30.9","30.65","30.7","-","0.1","30.7","9","30.75","14","8.43"
"6192  ","巨路  ","1665554","697","73033590","43.2","44.4","43.2","43.5","+","0.75","43.45","31","43.5","14","11.33"
"6196  ","帆宣  ","2241337","845","62568263","28.2","28.2","27.7","27.7","+","0.85","27.7","19","27.75","1","10.3"
"6197  ","佳必琪","9745629","4815","733023030","72.7","76.7","72.7","75.6","+","3.9","75.5","12","75.6","3","19.29"
"6201  ","亞弘電","131400","80","4196360","32.2","32.2","31.5","32.1","+","0.65","31.9","1","32.1","5","7.5"
"6202  ","盛群  ","984358","430","61728736","63.2","63.5","62.1","62.1","-","1.1","62.1","22","62.2","5","11.99"
"6206  ","飛捷  ","1059048","491","77904109","72.8","74.9","72.3","73.6","+","1.8","73.5","1","73.6","1","11.99"
"6209  ","今國光","825134","463","42839354","52.5","52.6","51.1","51.5","-","0.4","51.5","25","51.9","13","12.03"
"6216  ","居易  ","1230189","462","32924844","27.2","27.4","26.35","26.35","-","0.75","26.35","24","26.5","2","18.96"
"6225  ","天瀚  ","334949","104","2711347","8.1","8.19","8","8","-","0.1","8","20","8.1","8","0.00"
"6235  ","華孚  ","2004757","662","56447427","28.45","28.6","27.9","28","-","0.5","28","26","28.1","20","38.89"
"6239  ","力成  ","4806175","1871","647528450","136","137","133","134","-","2","133.5","163","134","75","14.63"
"6255  ","奈普  ","3335693","763","136693233","39.3","41.9","38.8","41.9","+","2.7","41.9","781","--","0","16.24"
"6257  ","矽格  ","6631884","1625","147363598","21.9","22.5","21.85","22.1","+","0.35","22.1","127","22.15","20","10.78"
"6269  ","台郡  ","1540341","397","24979936","16.5","16.5","16.05","16.05","-","0.45","16.05","72","16.1","2","0.00"
"6277  ","宏正  ","397653","209","36603884","93","93","91.4","92"," ","0","92","4","92.1","2","11.39"
"6280  ","崇貿  ","13585678","2592","1248579921","92","92.6","91.7","91.8","+","0.8","91.8","235","91.9","145","28.33"
"6281  ","全國電","99060","59","4118780","41.5","42","41.2","41.55","+","0.2","41.45","2","41.55","2","10.85"
"6282  ","康舒  ","9560349","2247","128430382","13.2","13.65","13.1","13.65","+","0.85","13.65","150","--","0","0.00"
"6285  ","啟碁  ","4956976","2455","424346936","84.5","87","84.1","86","+","2","86","252","86.1","29","14.8"
"6286  ","立錡  ","3697421","1833","1022219664","261.5","279.5","261.5","279.5","+","18","279.5","1,295","--","0","26.49"
"6289  ","華上  ","4394584","1236","172951126","39.4","39.65","38.85","39.2"," ","0","39.15","16","39.2","155","25.29"
"6505  ","台塑化","5717540","1608","412795065","72","73.5","71","73.4","+","1.8","73.3","384","73.4","65","15.62"
"6605  ","帝寶  ","128610","96","11903623","92.9","92.9","91.8","92.7","-","0.2","92.7","1","92.8","3","11.5"
"8008  ","建興電","5380980","1822","164730933","31.25","31.25","30.45","30.55","-","0.7","30.55","39","30.6","48","13.17"
"8016  ","矽創  ","1739247","1096","157978966","88.9","91.7","88.9","90.5","+","1.7","90.5","10","90.6","12","11.3"
"8046  ","南電  ","5416167","3488","1253549157","228","234","226","232.5","+","7.5","232","67","232.5","6","17.51"
"8072  ","陞泰  ","321944","270","49600958","155","155.5","153","153.5","+","1.5","153","41","154","12","12.02"
"8078  ","華寶  ","3509934","1995","379898372","106","109.5","106","108.5","+","2.5","108.5","8","109","174","11.62"
"8101  ","華冠  ","7712032","2373","213935193","27.2","28.4","27","28.1","+","1.1","28.1","12","28.15","86","12.71"
"8105  ","凌巨  ","18674404","4115","478834733","25.6","26.3","24.85","24.9","+","0.1","24.85","42","24.9","8","9.76"
"8249  ","菱光  ","2220709","900","97790282","43.8","44.5","43.5","43.7","+","0.4","43.7","11","43.75","1","10.53"
"8926  ","台汽電","1386539","257","17592409","12.6","12.85","12.55","12.65","+","0.1","12.65","3","12.7","46","12.91"
"9101  ","福雷電","38015000","3146","197932350","5.1","5.41","5.03","5.41","+","0.31","5.41","17","5.42","52","0.00"
"9102  ","東亞科","1798493","210","9232873","5.13","5.14","5.1","5.14","+","0.33","5.14","2,121","--","0","0.00"
"9103  ","美德醫","272374","95","3181100","11.8","11.8","11.6","11.6","-","0.25","11.6","38","11.75","5","0.00"
"9104  ","萬宇科","1000","1","49350","49.35","49.35","49.35","49.35","X","0","45","1","48","2","0.00"
"9105  ","泰金寶","36246220","3869","229719905","6.3","6.46","6.27","6.29","+","0.06","6.29","48","6.3","126","0.00"
"9801  ","力霸  ","999054","291","5005294","4.97","5.08","4.97","4.97"," ","0","4.97","6","5.03","15","0.00"
"9902  ","台火  ","354547","122","2807282","7.58","8.16","7.58","7.99","+","0.21","7.82","3","7.99","4","0.00"
"9904  ","寶成  ","45984438","11021","1749287368","37.4","38.75","36.7","37.8","+","0.8","37.8","93","37.85","23","15.12"
"9905  ","大華  ","472340","187","8936191","19.25","19.35","18.75","18.8","-","0.35","18.8","1","18.9","9","13.72"
"9906  ","欣巴巴","3692","7","5092","1.38","1.38","1.38","1.38","-","0.1","1.38","1","1.48","5","4.76"
"9907  ","統一實","20066783","3262","291900192","14.4","14.85","14.3","14.3","+","0.05","14.3","1,134","14.35","92","49.31"
"9908  ","大台北","544356","133","9188594","16.8","17.4","16.75","17","+","0.3","16.9","10","17","22","13.18"
"9910  ","豐泰  ","972261","406","28635391","29.1","30","29.1","29.2","+","0.3","29.2","3","29.25","76","16.88"
"9911  ","櫻花  ","3849372","484","45037628","11.7","11.7","11.7","11.7","+","0.75","11.7","10,043","--","0","0.00"
"9912  ","偉聯  ","242013","89","3347921","13.9","14.1","13.5","13.9"," ","0","13.9","2","14","14","0.00"
"9914  ","美利達","5956587","2036","219581295","36.6","37.5","36.3","36.45","+","0.25","36.45","3","36.5","73","10.85"
"9915  ","億豐  ","1624251","608","53320339","33.15","33.15","32.65","32.75","-","0.25","32.65","7","32.75","17","9.6"
"9917  ","中保  ","1538664","505","95039332","59","63","58.7","63","+","4.1","63","305","--","0","16.07"
"9918  ","欣天然","35999","19","682328","19","19.2","18.9","19.2","+","0.15","19","21","19.2","17","12.47"
"9919  ","康那香","1610927","452","27675859","16.65","17.5","16.4","17.15","+","0.55","17.1","16","17.15","10","26.8"
"9921  ","巨大  ","409006","245","22153019","54","54.9","53.6","53.7","+","0.2","53.7","9","54.3","1","13.73"
"9922  ","優美  ","315139","31","829151","2.76","2.76","2.6","2.6","-","0.19","--","0","2.67","166","130"
"9924  ","福興  ","153571","98","4459347","29.1","29.25","28.7","29","+","0.1","29","16","29.05","1","17.06"
"9925  ","新保  ","202353","106","6174744","30.55","30.95","30.2","30.95","+","0.4","30.9","1","30.95","6","11.13"
"9926  ","新海  ","5342","7","79726","15","15","15","15"," ","0","15.05","1","15.5","2","12.71"
"9927  ","泰銘  ","3083950","688","88958115","29","29","28.7","29","+","0.35","28.9","3","29","142","11.33"
"9928  ","中視  ","1207598","323","21386394","17.8","17.95","17.3","17.55","+","0.45","17.55","14","17.65","4","0.00"
"9929  ","秋雨  ","472353","56","2234955","4.53","4.85","4.53","4.69","-","0.16","4.69","45","4.75","34","0.00"
"9930  ","中聯資","319730","126","9268084","29.05","29.1","28.85","28.9","-","0.2","28.9","7","28.95","4","8.65"
"9931  ","欣高  ","48001","15","644063","13.9","13.9","13.3","13.8","+","0.1","13.45","2","13.8","5","13.66"
"9933  ","中鼎  ","6800324","1700","199855723","30","30.15","28.95","29.1","-","0.9","29.1","16","29.15","2","20.49"
"9934  ","成霖  ","1246266","502","50993241","39.75","41.6","39.7","41","+","1.3","40.6","5","41","17","20.6"
"9935  ","慶豐富","2110348","399","18885737","8.51","9.09","8.51","9.09","+","0.59","9.09","486","--","0","56.81"
"9937  ","全國  ","841932","136","22363012","26.85","26.85","26.2","26.5","-","0.2","26.3","16","26.5","16","14.64"
"9938  ","百和  ","12833935","2369","402432728","30.1","31.65","29.8","31.5","+","1.9","31.5","10","31.55","1","16.58"
"9939  ","宏全  ","11444460","2845","356026075","30.9","31.9","30.5","30.5","+","0.2","30.5","62","30.65","1","19.43"
"9940  ","信義  ","58722","39","5431694","91.5","92.9","91.5","92.9","+","1.9","92.9","3","93","5","15.48"
"9941  ","裕融  ","293622","97","6088550","20.6","20.9","20.6","20.75","+","0.15","20.75","4","20.8","5","16.09"
"9942  ","茂順  ","523600","181","21977174","41","42.6","41","42.2","+","1.3","42.2","1","42.4","1","11.66"
"9943  ","好樂迪","277202","120","6323894","22.9","23.2","22.2","22.6","+","0.85","22.5","5","22.6","7","38.31"
"9944  ","新麗  ","2298676","479","77681522","33.7","33.85","33.2","33.85","+","2.2","33.85","1,393","--","0","9.9"
"9945  ","潤泰新","20969533","4832","608553446","28.4","29.5","28.4","28.8","+","0.7","28.8","130","28.85","27","16.18"
    
"說明："
"1. 漲跌(+/-)欄位符號說明:+/-/X表示漲/跌/不比價。"
"2. 當證券代號為認購(售)權證及認股權憑證時本益比欄位置為結算價；但如為以外國證券或指數為標的之認購(售)權證及履約方式採歐式者，該欄位為空白。"
"3. 除境外指數股票型基金及外國股票第二上市外，餘交易單位皆為千股。"
"4. 本統計資訊含一般、零股、盤後定價、鉅額交易，不含拍賣、標購。"

