

2008年07月18日 查無資料
"說明："
"1. 漲跌價差為當日收盤價與前一日收盤價比較。"
"2. 無比價含當日除權、除息、新上市、恢復交易者。"
2008年07月18日
"每日收盤行情("全部(不含權證、牛熊證)")","","","","","","","","","","(元,股)","(元,交易單位)"
"證券代號","證券名稱","成交股數","成交筆數","成交金額","開盤價","最高價","最低價","收盤價","漲跌(+/-)","漲跌價差","最後揭示買價","最後揭示買量","最後揭示賣價","最後揭示賣量","本益比"
="0015  ","富邦  ","168000","37","1170070","7.02","7.05","6.8","6.92","-","0.07","6.78","1","6.91","1","0.00"
="0050  ","台灣50","15646610","3484","811151376","52.55","52.6","50.8","51","-","1.2","51","120","51.05","210","0.00"
="0051  ","中100 ","477000","206","12603630","27.05","27.05","25.6","25.8","-","0.68","25.64","2","25.8","11","0.00"
="0052  ","FB科技","1123269","53","36709831","32.9","33.11","32.4","32.4","-","0.05","32.03","2","32.1","3","0.00"
="0053  ","寶電子","564000","163","11959410","21.5","21.5","20.75","20.8","-","0.18","20.8","49","20.88","1","0.00"
="0054  ","台商50","406000","61","7122950","17.5","17.92","17.15","17.15","-","0.2","17.11","5","17.15","3","0.00"
="0055  ","寶金融","9076390","1221","112799541","12.88","12.88","11.99","12.1","-","0.37","12.06","18","12.1","46","0.00"
="0056  ","高股息","832350","275","17451390","21.41","21.41","20.6","20.68","-","0.64","20.65","1","20.68","1","0.00"
="0057  ","FB摩台","72000","19","1909950","27.3","27.3","25.99","26","-","0.49","25.75","4","25.98","30","0.00"
="0058  ","FB發達","90000","9","2386150","26.95","26.95","26.2","26.2","-","0.8","26.11","3","26.2","59","0.00"
="0059  ","FB金融","139000","23","3545920","25.9","25.99","24.8","24.8","-","0.81","24.9","2","24.97","35","0.00"
="01001T","富邦R1","339000","22","3791450","11.1","11.25","11.1","11.25","-","0.01","11.23","50","11.25","132","0.00"
="01002T","國泰R1","176000","15","1812210","10.26","10.35","10.26","10.29","-","0.12","10.29","67","10.35","11","0.00"
="01003T","新光R1","395000","25","3886900","9.85","9.9","9.8","9.8","-","0.13","9.8","270","9.89","10","0.00"
="01004T","富邦R2","1168000","43","11892000","10.18","10.2","10.16","10.18","-","0.01","10.17","232","10.18","45","0.00"
="01005T","三鼎  ","16000","4","120000","7.5","7.5","7.5","7.5"," ","0","7.37","3","7.5","3","0.00"
="01007T","國泰R2","228000","28","2307740","10.11","10.15","10.07","10.14"," ","0","10.14","6","10.15","1","0.00"
="01008T","駿馬R1","269000","21","2380560","8.76","8.85","8.76","8.85","-","0.1","8.8","10","8.85","5","0.00"
"1101  ","台泥  ","12182757","3656","452229125","38","38.2","35","35.5","-","1.9","35.5","332","35.55","15","15.11"
"1102  ","亞泥  ","7529178","2422","312062125","42.6","42.6","40","40.5","-","1.1","40.5","25","40.55","25","10.44"
"1103  ","嘉泥  ","3532079","894","73040108","20.9","20.95","20.2","20.5","-","0.2","20.4","1","20.5","363","11.85"
"1104  ","環泥  ","2143567","618","61516971","28.55","29","28.1","28.6"," ","0","28.6","21","28.7","1","24.44"
"1108  ","幸福  ","2351493","570","22443504","10.2","10.2","9.3","9.3","-","0.7","9.3","127","9.31","5","20.22"
"1109  ","信大  ","721302","173","7389026","10.55","10.55","9.82","9.9","-","0.5","9.9","37","9.98","16","13.38"
"1110  ","東泥  ","1748173","467","18335975","10.9","11","9.97","10.15","-","0.55","10.1","2","10.15","2","20.3"
"1201  ","味全  ","1956611","588","32297563","17.05","17.05","16","16","-","0.6","16","182","16.1","3","17.78"
"1203  ","味王  ","470187","176","8431024","18.05","18.3","17.6","17.6","-","0.45","17.5","35","17.6","2","0.00"
"1210  ","大成  ","6849284","2204","303644799","44.35","45.65","42.75","43.1","-","1","43.1","8","43.3","5","14.71"
"1213  ","大飲  ","90379","47","861294","9.8","9.8","9.2","9.4","-","0.2","9.21","1","9.4","5","940"
"1215  ","卜蜂  ","2144310","744","37152618","17.9","17.9","16.55","16.9","-","0.45","16.85","2","16.9","3","10.83"
"1216  ","統一  ","10893312","3379","434055568","41","41","38.6","39","-","1.2","38.9","72","39","67","14.55"
"1217  ","愛之味","3198543","1095","26399226","8.48","8.5","7.8","7.95","-","0.4","7.95","37","7.99","2","0.00"
"1218  ","泰山  ","2343403","688","19187192","8.6","8.6","7.75","7.75","-","0.58","--","0","7.75","36","20.95"
"1219  ","福壽  ","2844373","948","38956085","14.2","14.3","13.05","13.05","-","0.95","13.05","2","13.15","1","13.18"
"1220  ","台榮  ","264020","93","2090733","8.09","8.09","7.6","7.61","-","0.45","7.61","3","7.72","4","84.56"
"1225  ","福懋油","4360177","1541","75975629","17.35","18","16.6","16.85","-","0.5","16.8","26","16.85","21","8.96"
"1227  ","佳格  ","9376001","3028","277022876","29.05","30.8","27.05","27.7","-","1.1","27.7","13","27.75","27","16.1"
"1229  ","聯華  ","2006748","688","33146113","17.25","17.25","15.95","16.3","-","0.85","16.25","85","16.3","32","7.91"
"1231  ","聯華食","274003","111","3049436","11.55","11.55","10.7","10.8","-","0.65","10.75","28","10.9","10","16.62"
"1232  ","大統益","435127","285","16006585","36.5","37.5","36.2","36.5","+","0.2","36.5","226","36.75","1","10.52"
"1233  ","天仁  ","89061","31","2496508","28.1","28.1","27.9","27.9","-","0.1","27.9","8","28","9","17.77"
"1234  ","黑松  ","944108","213","12380804","13.45","13.5","12.9","12.9","-","0.45","12.9","26","12.95","6","53.75"
"1235  ","興泰  ","33001","18","1042733","31.2","33","30.6","33","+","0.8","32.3","2","33.5","3","16.26"
"1236  ","宏亞  ","273200","110","4001854","14.9","14.9","14.4","14.55","-","0.3","14.5","8","14.55","31","8.56"
"1301  ","台塑  ","14681828","6385","908433458","64.5","64.6","60.3","60.8","-","3.1","60.8","69","60.9","45","7.33"
"1303  ","南亞  ","11937600","4365","602488246","51.9","51.9","49.2","49.5","-","1.6","49.5","38","49.6","146","6.73"
"1304  ","台聚  ","8349157","2007","128061183","15.7","15.8","14.65","15","-","0.5","14.95","93","15","15","6.3"
"1305  ","華夏  ","14195000","2087","133672040","10","10.1","9.21","9.21","-","0.69","--","0","9.21","54","14.62"
"1307  ","三芳  ","164080","65","3607507","22.1","22.5","21.7","22.5"," ","0","22.5","48","22.6","1","9.7"
"1308  ","亞聚  ","2605919","964","59857190","23.6","23.75","22.2","22.3","-","1.1","22.25","10","22.3","9","5.9"
"1309  ","台達化","1591000","335","13964230","9.23","9.33","8.55","8.55","-","0.64","--","0","8.55","394","11.25"
"1310  ","台苯  ","6764256","1328","70868932","11.2","11.2","10.3","10.3","-","0.75","--","0","10.3","376","21.02"
"1312  ","國喬  ","3502287","652","31571340","9.95","9.95","8.79","8.89","-","0.56","8.8","3","8.89","39","5.39"
"1312A ","國喬特","0","0","0","--","--","--","--"," ","0","15.3","2","16.1","10","0.00"
"1313  ","聯成  ","4879892","1088","83360616","17.6","17.65","16.5","16.6","-","0.9","16.55","5","16.6","309","7"
"1314  ","中石化","22662640","5078","301526846","13.95","13.95","12.75","12.9","-","0.8","12.9","176","12.95","60","6.86"
"1315  ","達新  ","544010","154","9529682","18.25","18.25","16.85","17.7","-","0.4","17.3","3","17.7","1","13.41"
"1316  ","上曜  ","290000","70","1651420","6.15","6.15","5.41","5.45","-","0.33","5.45","2","5.58","10","19.46"
"1319  ","東陽  ","1187553","447","25338490","22","22","20.7","20.7","-","1","20.7","7","21","2","9.28"
"1321  ","大洋  ","1473100","393","31539340","22.45","22.45","20.9","20.9","-","1.55","--","0","20.9","142","0.00"
"1323  ","永裕  ","258075","91","2925232","11.4","11.6","11.1","11.3","-","0.05","11.2","5","11.3","5","11.19"
"1324  ","地球  ","272000","142","2580700","10.2","10.2","9.3","9.3","-","0.7","9.3","11","9.31","2","0.00"
"1325  ","恆大  ","252050","97","2605865","10.7","10.7","10.1","10.2","-","0.3","10.15","9","10.25","3","8.43"
"1326  ","台化  ","7599016","2849","391597397","53.1","53.1","50.3","50.8","-","1.8","50.8","53","50.9","53","6.26"
"1402  ","遠東新","11544944","3412","427567280","38.4","38.4","35.95","36.2","-","1.8","36.2","161","36.3","5","14.37"
"1409  ","新纖  ","7245316","1307","51130041","7.37","7.37","6.72","6.72","-","0.5","--","0","6.72","556","22.4"
"1410  ","南染  ","596000","100","10312850","17.35","17.85","16.7","17.2","-","0.75","--","0","16.7","2","191.11"
"1413  ","宏洲  ","850000","110","2288390","2.68","2.82","2.5","2.5","-","0.14","2.5","12","2.63","19","250"
"1414  ","東和  ","235003","71","1066292","4.61","4.7","4.27","4.29","-","0.29","4.27","21","4.36","7","25.24"
"1416  ","廣豐  ","4544331","771","31914037","7.3","7.45","6.74","6.74","-","0.5","--","0","6.74","510","0.00"
"1417  ","嘉裕  ","1925207","389","12946451","7.13","7.13","6.48","6.48","-","0.48","--","0","6.48","609","10.29"
"1418  ","東華  ","887000","118","1860170","2.2","2.2","2.05","2.05","-","0.15","2.05","1","2.07","44","0.00"
"1419  ","新紡  ","1441656","368","26596476","19.3","19.3","17.55","17.9","-","0.75","17.65","19","17.9","8","255.71"
"1423  ","利華  ","1039500","223","7060509","6.85","6.94","6.52","6.59","-","0.23","6.59","9","6.6","28","8.45"
"1432  ","大魯閣","0","0","0","--","--","--","--"," ","0","--","0","5.95","1","1.17"
"1434  ","福懋  ","6157961","1906","159691817","26.8","26.8","25.15","25.25","-","1.25","25.25","2","25.35","20","6.04"
"1435  ","中福  ","265969","84","1395388","5.55","5.55","5.15","5.21","-","0.1","5.15","11","5.21","3","52.1"
"1436  ","華友聯","320162","64","2144989","6.73","6.9","6.6","6.6","-","0.49","--","0","6.6","1","0.00"
"1437  ","勤益控","1293130","397","22181597","18","18.1","16.55","17","-","0.75","17","80","17.1","11","20.73"
"1438  ","裕豐  ","0","0","0","--","--","--","--"," ","0","--","","--","","0.00"
"1439  ","中和  ","124045","52","1492169","12.9","12.9","11.6","11.6","-","0.8","11.6","1","11.9","6","48.33"
"1440  ","南紡  ","5391381","1051","58911587","11.25","11.3","10.4","10.7","-","0.4","10.7","10","10.75","17","15.07"
"1441  ","大東  ","133010","44","593893","4.52","4.56","4.38","4.38","-","0.3","4.36","10","4.4","3","146"
"1442  ","名軒  ","167000","78","3105100","19.2","19.8","18","18","-","1.2","17.9","10","18.3","1","16.67"
"1443  ","立益  ","438000","65","1006030","2.3","2.39","2.27","2.27","-","0.17","--","0","2.27","7","0.00"
"1444  ","力麗  ","3396201","698","22914916","7.1","7.1","6.45","6.5","-","0.43","6.5","4","6.6","10","10.48"
"1445  ","大宇  ","91139","19","525334","5.71","5.82","5.45","5.65","-","0.13","5.49","3","5.65","7","0.00"
"1446  ","宏和  ","79045","34","687871","8.8","8.95","8.6","8.76","-","0.16","8.6","1","8.76","2","10.81"
"1447  ","力鵬  ","1473026","324","8339391","6","6","5.45","5.49","-","0.36","5.46","8","5.49","3","0.00"
"1449  ","佳和  ","409709","101","882967","2.2","2.24","2.06","2.18","-","0.02","2.08","5","2.18","9","0.00"
"1451  ","年興  ","753938","297","11582595","15.7","15.75","15.1","15.35","-","0.35","15.2","4","15.35","66","7.99"
"1452  ","宏益  ","659000","109","4310730","6.66","6.74","6.32","6.56"," ","0","6.35","30","6.56","4","12.86"
"1453  ","大將  ","425930","152","3151455","7.95","7.95","7.2","7.21","-","0.5","7.21","5","7.3","3","1.86"
"1454  ","台富  ","75957","32","473847","6.25","6.53","6.11","6.19","-","0.2","6.11","2","6.32","1","61.9"
"1455  ","集盛  ","1444068","240","7956995","5.77","5.82","5.32","5.39","-","0.33","5.34","1","5.39","9","16.33"
"1456  ","怡華  ","682000","106","1682580","2.6","2.6","2.37","2.39","-","0.15","2.38","45","2.39","3","6.13"
"1457  ","宜進  ","968729","194","4664776","4.8","5","4.6","4.61","-","0.16","4.61","33","4.77","6","17.07"
"1459  ","聯發  ","318063","81","2127787","6.91","6.98","6.5","6.56","-","0.32","6.5","1","6.69","26","11.51"
"1460  ","宏遠  ","960503","169","5339735","5.85","5.85","5.3","5.31","X","0","5.3","73","5.31","1","24.14"
"1463  ","強盛  ","127825","44","723771","5.7","5.7","5.57","5.7","-","0.02","5.7","12","5.72","5","0.00"
"1464  ","得力  ","242000","37","1535860","6.43","6.48","6.24","6.48","-","0.07","6.35","17","6.4","50","129.6"
"1465  ","偉全  ","147150","37","1337095","9.21","9.33","8.8","8.8","-","0.41","8.8","5","9.1","20","11.14"
"1466  ","聚隆  ","96804","50","504070","5.3","5.3","5.06","5.16","-","0.18","5.05","2","5.16","2","6.07"
"1467  ","南緯  ","626000","139","4723000","7.7","7.87","7.15","7.2","-","0.44","7.2","189","7.21","10","0.00"
"1468  ","昶和  ","105000","36","1169000","11.3","11.3","11","11.1","-","0.2","11.05","2","11.1","3","0.00"
"1469  ","理隆  ","17155","11","157022","9.17","9.5","9.03","9.03","-","0.67","9.03","1","9.07","1","0.00"
"1470  ","大統染","23000","6","151800","6.6","6.8","6.5","6.8","+","0.35","6.8","2","6.89","10","0.00"
"1471  ","首利  ","1622329","651","31076218","19.9","19.9","18.6","18.7","-","1.3","18.7","8","18.9","5","0.00"
"1472  ","三洋紡","335000","71","1310920","4.14","4.14","3.81","3.92","-","0.17","3.92","14","3.93","8","0.00"
"1473  ","台南  ","378159","141","10246093","27.3","27.3","26.1","26.7","-","0.35","26.5","3","26.8","27","7.54"
"1474  ","弘裕  ","101015","36","652676","6.43","6.48","6.43","6.44","-","0.2","6.44","9","6.53","6","20.77"
"1475  ","本盟  ","4000","4","51700","12.9","13.5","12.65","13.5","-","0.1","--","0","13.5","1","0.00"
"1476  ","儒鴻  ","265100","81","2961745","11.2","11.35","11","11.35"," ","0","11.3","5","11.35","46","7.77"
"1477  ","聚陽  ","529182","243","21786434","42.4","42.4","40","40.1","-","1.15","40.1","20","40.2","1","6.37"
"1503  ","士電  ","1254439","332","39411993","32.5","32.5","30.1","30.4","-","1.75","30.35","2","30.4","22","15.28"
"1504  ","東元  ","4981355","1375","68020510","14","14.05","13.3","13.45","-","0.35","13.4","49","13.45","23","9.21"
"1506  ","正道  ","365828","90","6143742","17.05","17.05","16.45","17","-","0.65","16.9","18","17","7","0.00"
"1507  ","永大  ","2407479","872","41387761","17.95","17.95","16.55","16.7","-","1.05","16.6","39","16.7","22","10.71"
"1512  ","瑞利  ","283033","82","2195313","7.97","8.05","7.49","7.91","-","0.14","--","0","7.91","1","14.38"
"1513  ","中興電","2798027","883","53682003","20.5","20.5","18.8","18.8","-","1.4","--","0","18.8","457","11.75"
"1514  ","亞力  ","862568","188","7039820","8.3","8.31","7.8","8.19","-","0.11","7.81","13","8.19","7","24.82"
"1515  ","力山  ","1636000","269","9502020","6.11","6.2","5.77","5.77","-","0.43","--","0","5.77","382","0.00"
"1516  ","川飛  ","1339457","460","14606394","11.6","11.75","10.6","10.7","-","0.65","10.65","10","10.8","73","0.00"
"1517  ","利奇  ","2220048","893","27793688","13.1","13.25","12.1","12.1","-","0.9","12.1","44","12.15","1","26.89"
"1519  ","華城  ","564922","371","23636856","43","43","40.05","40.3","-","2.3","40.3","2","40.5","9","11.96"
"1521  ","大億  ","75037","33","1146261","15.65","15.65","15.15","15.45","-","0.2","15.25","3","15.45","6","8.31"
"1522  ","堤維西","609109","174","9401628","15.8","15.85","15.15","15.4","-","0.35","15.3","5","15.4","16","9.63"
"1523  ","開億  ","316100","125","3471839","11.4","11.5","10.55","11","-","0.3","11","37","11.1","3","12.36"
"1524  ","耿鼎  ","799444","178","6298277","8.35","8.35","7.72","7.72","-","0.58","--","0","7.72","159","64.33"
"1525  ","江申  ","24100","12","409835","17.2","17.2","16.7","16.7","-","0.5","16.25","1","16.7","2","9.82"
"1526  ","日馳  ","624029","217","4540285","7.81","7.81","7.12","7.13","-","0.52","7.13","10","7.19","1","0.00"
"1527  ","鑽全  ","668595","341","14364781","22.2","22.45","21","21.15","-","0.9","21.1","1","21.15","4","0.00"
"1528  ","恩德  ","186139","100","2850435","15.9","15.9","15.05","15.05","-","1.05","15.05","1","15.1","5","9.53"
"1529  ","樂士  ","4341000","647","16469180","3.78","3.91","3.78","3.78","-","0.28","--","0","3.78","2,140","0.00"
"1530  ","亞崴  ","169264","128","7943158","47.2","47.4","46","46.1","-","0.75","46.1","3","46.3","10","7.39"
"1531  ","高林股","3423750","1307","81293999","24.1","24.35","22.6","22.8","-","0.9","22.8","21","22.9","2","11.4"
"1532  ","勤美  ","496000","265","19078550","39.3","39.5","37.5","37.6","-","1.4","37.6","28","37.9","1","18.8"
"1533  ","車王電","117000","61","2079450","17.8","17.9","17.6","17.9","+","0.1","17.7","10","17.9","1","12.18"
"1535  ","中宇  ","1870772","811","86610905","45.3","47.2","44.95","46.9","+","1.8","46.6","1","46.9","1","20.22"
"1536  ","和大  ","396446","139","12683022","32.6","32.6","30.75","31.9","-","0.7","30.8","2","31.9","1","22"
"1537  ","廣隆  ","603076","256","19421271","32.55","32.9","30.75","31.4","-","1.2","31.05","2","31.45","1","7.91"
"1538  ","正峰新","1033503","261","24797070","24.3","24.5","23.4","23.5","-","1.2","23.45","2","23.5","24","0.00"
"1539  ","巨庭  ","135002","26","816821","6","6.1","5.9","5.9","-","0.02","5.57","1","5.92","4","14.75"
"1540  ","喬福  ","167315","100","5137310","31","31","30.2","30.5","-","0.1","30.25","1","30.5","1","8.31"
"1541  ","錩泰  ","79000","32","646130","8.57","8.57","7.98","8.06","-","0.51","--","0","7.98","5","11.51"
"1560  ","中砂  ","467450","261","18523233","40.8","40.8","38.1","38.3","-","1.5","38.3","1","38.5","14","11.13"
"1583  ","程泰  ","40765","34","1652644","40.5","41.1","40","40","-","0.2","39.5","2","40","4","6.77"
"1603  ","華電  ","2304140","517","18786598","8.55","8.65","7.86","7.86","-","0.59","--","0","7.86","711","11.23"
"1604  ","聲寶  ","4883982","881","21105784","4.43","4.46","4.2","4.24"," ","0","4.24","26","4.25","4","106"
"1605  ","華新  ","16905363","2265","170098233","10.55","10.55","9.72","9.72","-","0.73","--","0","9.72","1,292","27"
"1606  ","歌林  ","20000","5","74000","3.7","3.7","3.7","3.7","-","0.27","--","0","3.7","56,636","8.22"
"1608  ","華榮  ","3525055","544","33054075","10","10","9.2","9.2","-","0.69","--","0","9.2","252","9.2"
"1609  ","大亞  ","3674913","611","27263938","7.79","7.79","7.19","7.63","-","0.1","7.29","1","7.64","10","19.56"
"1611  ","中電  ","1084500","304","15986549","15.2","15.2","14.05","14.4","-","0.7","14.3","1","14.45","14","11.52"
"1612  ","宏泰  ","4367856","1198","84090384","19","19.75","18.55","19.3","X","0","19.1","5","19.3","78","13.31"
"1613  ","台一  ","781413","192","3921848","5.2","5.22","4.74","5.05","-","0.03","5.05","11","5.08","2","3.95"
"1614  ","三洋電","343291","133","8646300","26","26","24.5","24.5","-","1.5","24.5","52","24.55","24","18.15"
"1615  ","大山  ","216000","66","2708350","13.15","13.15","12.1","12.35","-","0.65","12.2","6","12.4","12","4.81"
"1616  ","億泰  ","717706","194","5690519","8.4","8.42","7.67","7.72","-","0.52","7.72","8","7.75","8","70.18"
"1617  ","榮星  ","51000","19","369970","7.45","7.47","7.11","7.4","-","0.05","7.3","2","7.4","10","13.21"
"1618  ","合機  ","566454","92","4931209","8.8","8.85","8.51","8.78","-","0.02","8.52","2","8.78","8","54.88"
"1701  ","中化  ","3524379","1078","48032502","14.15","14.35","13","13","X","0","--","0","13","10","17.33"
"1702  ","南僑  ","667803","233","5366033","8.3","8.33","7.7","7.73","-","0.4","7.73","44","8","7","27.61"
"1704  ","榮化  ","3976584","1367","115664692","30","30.1","28.1","28.6","-","0.9","28.5","3","28.6","16","15.21"
"1707  ","葡萄王","665001","283","11248468","17.6","17.6","16","16.1","-","1.1","16.1","2","16.45","2","15.05"
"1708  ","東鹼  ","8862420","4701","555034207","61.7","64.8","60.2","61.7"," ","0","61.6","18","61.7","44","35.06"
"1709  ","和益  ","1207262","366","16065756","13.8","13.8","12.85","13","-","0.6","13","5","13.25","4","15.48"
"1710  ","東聯  ","18630354","5621","545980549","30.8","30.85","28.35","28.35","-","2.1","--","0","28.35","1,832","8.64"
"1711  ","永光  ","5422856","1672","98319660","18.4","18.6","17.7","17.8","-","0.25","17.75","36","17.8","31","48.11"
"1712  ","興農  ","6873880","1964","100157606","14.8","15","13.85","14.1","-","0.55","14.05","40","14.1","56","16.79"
"1713  ","國化  ","687000","165","7021160","10.7","10.8","9.96","9.96","-","0.74","9.96","44","10.05","4","38.31"
"1714  ","和桐  ","4785287","1029","50928361","10.9","11","10.15","10.15","-","0.55","10.15","11","10.2","39","59.71"
"1715  ","萬洲  ","2419132","282","38909175","16.05","16.15","15.9","16.15","+","0.05","15.9","19","16.15","97","34.36"
"1716  ","永信  ","531309","210","15300536","29.2","29.3","28.3","28.4","-","0.5","28.4","6","28.45","5","13.21"
"1717  ","長興  ","2110934","740","50496966","24.7","24.8","23","23","-","1.25","23","112","23.05","29","7.77"
"1718  ","中纖  ","7227934","1132","58655365","8.45","8.45","7.8","7.8","-","0.58","--","0","7.8","1,813","6.5"
"1720  ","生達  ","743028","326","14804323","20.65","20.65","19.2","19.2","-","0.85","19.2","18","19.25","1","12.47"
"1721  ","三晃  ","808001","326","7871759","10.1","10.3","9.3","9.31","-","0.69","9.31","23","9.44","2","0.00"
"1722  ","台肥  ","11081009","5218","1239603473","118","118","108","108.5","-","7.5","108.5","5","109","34","28.04"
"1723  ","中碳  ","1260283","835","113407840","93.5","93.5","88","88.1","-","4.8","88.1","8","88.2","1","12.99"
"1724  ","台硝  ","1255416","387","16289920","13.1","13.7","12.1","12.8","-","0.05","12.5","1","12.8","1","18.03"
"1725  ","元禎  ","33000","22","657050","20.5","20.5","19.6","19.65","-","0.75","19.55","1","19.7","6","9.27"
"1726  ","永記  ","132999","108","5150159","39.6","39.6","38","38.75","-","0.65","38.15","1","39","1","10.62"
"1727  ","中華化","3790111","1658","90905714","23.4","24.85","23","23.7","+","0.4","23.7","10","23.75","11","32.03"
"1729  ","必翔  ","1842259","762","104016288","59","59","55.8","57.4","-","2.6","57.1","10","57.5","7","39.59"
"1730  ","花仙子","227001","88","2500911","11.6","11.6","10.65","11.3","-","0.15","11.1","1","11.3","10","14.3"
"1731  ","美吾華","427702","187","5189882","12.4","12.5","11.8","11.8","-","0.55","11.8","39","12","1","16.16"
"1732  ","毛寶  ","268995","113","2812449","10.8","10.8","10.05","10.05","X","0","10.05","19","10.2","8","17.95"
"1733  ","五鼎  ","279505","207","14267955","52","52.4","49.7","50","-","1.7","50","23","50.4","4","11.09"
"1734  ","杏輝  ","574600","258","12740899","23.2","23.3","21.25","21.25","-","1.55","--","0","21.25","41","31.72"
"1735  ","日勝化","240000","107","2816200","12","12.2","11.2","11.7","-","0.3","11.5","3","11.7","38","10.35"
"1736  ","喬山  ","379400","213","15873410","44","44","40.65","40.65","-","3.05","--","0","40.65","38","26.4"
"1737  ","臺鹽  ","1780240","614","33003966","19","19.2","18","18.05","-","0.8","18.05","10","18.15","7","0.00"
"1802  ","台玻  ","5756107","1491","155264300","28.3","28.4","26.15","26.15","-","1.95","26.15","323","26.2","5","15.38"
"1805  ","寶徠  ","3000","2","23930","7.8","8.33","7.8","8.33","-","0.05","--","0","8.25","1","13.66"
"1806  ","冠軍  ","1592165","511","22333977","14.75","14.8","13.5","13.5","-","1","13.5","108","13.6","2","7.18"
"1808  ","潤隆  ","1243000","236","35373350","28.5","28.8","27.6","28","-","0.45","28","18","28.3","5","15.05"
"1809  ","中釉  ","557306","176","5617089","10.8","10.8","9.74","10","-","0.45","9.8","10","10.1","8","20"
"1810  ","和成  ","1820833","436","18682123","10.6","10.8","9.8","9.8","-","0.7","9.8","36","9.82","3","0.00"
"1902  ","台紙  ","8384293","1514","115631576","14.35","14.4","13.35","13.5","-","0.85","13.45","35","13.5","13","8.71"
"1903  ","士紙  ","295220","144","8737852","31.5","31.5","28.85","28.85","-","2.15","--","0","28.85","80","577"
"1904  ","正隆  ","2803959","677","27424968","10.05","10.05","9.45","9.5","-","0.55","9.5","35","9.57","4","16.96"
"1905  ","華紙  ","6476576","1548","136212839","22.2","22.2","20.65","20.65","-","1.55","--","0","20.65","783","12.59"
"1906  ","寶隆  ","68002","36","395381","5.97","5.97","5.6","5.69","-","0.26","5.69","1","5.75","1","16.74"
"1907  ","永豐餘","3120341","773","36564283","12.1","12.1","11.3","11.3","-","0.65","11.3","92","11.35","55","15.69"
"1909  ","榮成  ","1456308","391","14168016","10.1","10.1","9.3","9.8","-","0.2","9.32","7","9.8","3","24.5"
"2002  ","中鋼  ","28574103","6963","1358905362","48.3","48.4","46.8","47","-","1.2","46.95","292","47","320","10.88"
"2002A ","中鋼特","30000","11","1419350","47.5","47.75","47","47","-","0.75","46.5","9","47","13","0.00"
"2006  ","東鋼  ","9501892","3927","444020453","47.35","47.9","45.1","45.25","-","2.1","45.25","44","45.3","2","9.07"
"2007  ","燁興  ","1395382","394","8397585","6.3","6.3","5.79","5.81","-","0.41","5.81","7","5.85","6","0.00"
"2008  ","高興昌","1104602","334","9637296","9","9.2","8.3","8.34","-","0.56","8.34","5","8.38","1","8.69"
"2009  ","第一銅","1083310","314","10255407","9.83","9.96","9.12","9.12","-","0.68","--","0","9.12","93","8.29"
"2010  ","春源  ","1809075","499","24561820","14.3","14.3","13.25","13.4","-","0.7","13.4","15","13.45","20","13.27"
"2012  ","春雨  ","997001","270","10621310","11","11","10.25","10.3","-","0.65","10.3","108","10.4","10","19.81"
"2013  ","中鋼構","3061391","1107","67076429","22.9","22.9","21.3","21.3","X","0","--","0","21.3","31","13.23"
"2014  ","中鴻  ","26313702","5234","669990178","26","26","25.05","25.2","-","0.45","25.2","157","25.25","176","10.16"
"2015  ","豐興  ","3303389","1108","262464064","80","81.1","75.9","75.9","-","3.9","75.9","85","77","1","13.46"
"2017  ","官田鋼","13098802","2863","165451032","13.2","13.25","12.2","12.2","-","0.9","12.2","118","12.25","30","0.00"
"2020  ","美亞  ","322018","116","8757494","27.7","27.7","26.9","27.4","-","0.3","27.4","39","27.45","23","20.45"
"2022  ","聚亨  ","21465500","3826","252974674","12.3","12.4","11.45","11.45","-","0.85","--","0","11.45","116","21.2"
"2023  ","燁輝  ","7995635","1895","114537704","14.85","14.95","13.9","14.3","-","0.55","14","14","14.3","152","13.49"
"2024  ","志聯  ","5205193","1378","59971648","12.1","12.1","10.7","10.8","-","0.55","10.8","34","10.9","4","90"
"2025  ","千興  ","2812000","613","19215760","7.2","7.22","6.7","6.7","-","0.5","--","0","6.7","293","0.00"
"2027  ","大成鋼","2197387","699","60917410","28.45","28.45","27","27.3","-","0.9","27.1","28","27.3","16","8.13"
"2028  ","威致  ","5060100","1017","65716400","13.6","13.8","12.7","13.15","-","0.5","13","36","13.2","26","8.12"
"2029  ","盛餘  ","760050","236","17037006","23","23","21.85","22","-","1","22","106","22.4","4","11.22"
"2030  ","彰源  ","542875","236","9414025","17.9","18","17","17","-","1","17","69","17.3","1","12.14"
"2031  ","新光鋼","5734021","2062","208522993","38.3","38.3","35.3","35.5","-","2.45","35.5","95","35.55","5","8.22"
"2032  ","新鋼  ","227500","130","3216800","14.7","14.7","13.6","13.9","-","0.5","13.8","21","13.9","11","0.00"
"2033  ","佳大  ","1943595","657","43608986","22.2","22.9","22.2","22.4","+","0.55","22.35","85","22.4","5","101.82"
"2034  ","允強  ","1019780","359","20942150","21","21","20.1","20.15","-","0.85","20.1","58","20.15","12","14.39"
"2059  ","川湖  ","400099","241","64413389","160","164","159","160","+","1","159.5","3","160.5","1","17.17"
"2062  ","橋椿  ","45000","38","1513000","34","34.5","33.1","33.3","-","0.7","33.3","1","33.5","17","9.38"
"2101  ","南港  ","5352072","2116","137284000","26.6","26.8","24.65","24.8","-","1.5","24.8","48","24.9","3","8.86"
"2102  ","泰豐  ","1735764","510","26363380","15.45","15.55","14.55","14.6","-","0.6","14.6","10","14.75","7","8.39"
"2103  ","台橡  ","7348770","2850","318763310","45","45.3","41.3","42","-","2.3","42","34","42.2","11","7.92"
"2104  ","中橡  ","1442596","692","49167206","35.5","35.5","33","33","-","2.3","33","66","33.35","1","11.7"
"2105  ","正新  ","9476859","3783","394730684","43.1","43.3","40.45","40.5","-","2.95","40.45","717","40.5","95","9.16"
"2106  ","建大  ","3003800","1202","62780979","21.6","21.6","20","20.1","-","1.05","20.1","5","20.25","8","26.45"
"2107  ","厚生  ","5446896","1388","86629667","16.4","16.45","15.15","15.25","-","0.9","15.2","106","15.25","3","13.03"
"2108  ","南帝  ","494017","170","14809489","31.2","31.65","28.85","29","-","2","29","83","29.15","1","10.14"
"2109  ","華豐  ","484000","104","4475250","9.5","9.5","9.08","9.48","-","0.02","9.48","50","9.5","54","105.33"
"2201  ","裕隆  ","8507698","2119","224657070","27.9","27.9","25.4","25.4","-","1.9","25.4","428","25.5","2","13.73"
"2204  ","中華  ","2906074","732","54464071","19.1","19.1","18.55","18.8","-","0.4","18.8","200","18.85","29","24.42"
"2206  ","三陽  ","3924200","1003","44424980","11.9","11.9","10.9","10.9","-","0.65","10.9","185","11","2","10.9"
"2207  ","和泰車","411338","277","31019646","77","77.1","75","75","-","1.8","75","10","76.2","18","12.23"
"2227  ","裕日車","191000","116","6491950","35.1","35.1","33.3","33.4","-","1.7","33.4","11","33.6","5","8.33"
"2301  ","光寶科","5065612","1523","133104995","26.5","26.6","25.5","26.6","+","0.4","26.2","58","26.6","164","7.85"
"2302  ","麗正  ","380294","106","1314282","3.64","3.64","3.38","3.38","-","0.25","3.38","9","3.39","2","0.00"
"2303  ","聯電  ","38602589","5312","606794608","16.05","16.05","15.2","15.3","-","0.35","15.3","115","15.35","53","12.86"
"2305  ","全友  ","209191","55","723498","3.63","3.63","3.38","3.46","-","0.17","3.46","19","3.53","5","0.00"
"2308  ","台達電","8011340","2613","614736271","76","77.4","75.6","76.4","+","0.5","76.2","11","76.4","48","11.51"
"2311  ","日月光","20404384","5587","522694544","26","26.05","24.7","25","-","0.85","25","106","25.05","31","10.68"
"2312  ","金寶  ","9428402","1687","82377818","9","9","8.5","8.62","-","0.23","8.61","71","8.62","139","12.68"
"2313  ","華通  ","8883774","1636","71455312","8.21","8.3","7.63","7.67","-","0.4","7.66","6","7.67","145","36.52"
"2314  ","台揚  ","5904440","1923","88211613","15","15.3","14.5","14.8","+","0.25","14.75","4","14.8","29","13.21"
"2315  ","神達  ","4858019","1794","90971280","19.2","19.4","18.05","18.1","-","1","18.1","195","18.15","31","4.96"
"2316  ","楠梓電","6530262","897","34604936","5.64","5.64","5.19","5.19","-","0.38","5.19","240","5.2","11","0.00"
"2317  ","鴻海  ","25815438","10938","3758584823","148","148","143","143.5","-","1.5","143","280","143.5","120","11.55"
"2321  ","東訊  ","1500463","608","25843591","17.7","17.7","16.4","16.6","-","0.5","16.5","13","16.7","2","0.00"
"2323  ","中環  ","15432355","2346","117092177","8.03","8.04","7.35","7.43","-","0.47","7.43","58","7.44","1","0.00"
"2324  ","仁寶  ","13369065","3354","427893754","32.1","32.6","31","31.2","-","0.3","31.2","278","31.25","129","8.43"
"2325  ","矽品  ","18739564","5757","860182501","46","47.2","44.65","45.95","+","0.65","45.5","4","45.95","145","9.17"
"2327  ","國巨  ","5938842","1163","53870241","9.18","9.18","8.86","8.87","-","0.18","8.87","38","8.9","7","20.16"
"2328  ","廣宇  ","7802258","3828","367100339","48.3","48.3","45.5","46.3","-","1.7","46.2","4","46.3","17","18.59"
"2329  ","華泰  ","2511048","475","10280854","4.26","4.3","3.87","3.88","-","0.27","3.87","30","3.9","5","0.00"
"2330  ","台積電","68762380","10656","4013384340","59","59.4","57","58","+","0.5","58","453","58.1","537","12.8"
"2331  ","精英  ","7510365","1462","76935840","10.7","10.7","9.96","9.96","-","0.74","--","0","9.96","28","10.27"
"2332  ","友訊  ","5489796","1944","223481458","41.3","41.65","38.9","39.4","-","1.35","39.3","16","39.4","54","8.45"
"2337  ","旺宏  ","22638023","4338","289987959","12.95","13.1","12.25","13","+","0.25","12.7","168","13","815","8.28"
"2338  ","光罩  ","994060","305","13602858","14","14","13.4","13.45","-","0.3","13.45","1","13.5","107","5.75"
"2340  ","光磊  ","4299798","1738","107687707","25.65","26.1","23.9","24.3","-","1.35","24.2","4","24.3","3","17.36"
"2341  ","英群  ","289604","131","1835447","6.65","6.65","6.24","6.24","-","0.46","--","0","6.24","106","0.00"
"2342  ","茂矽  ","15170048","4394","307933485","21.45","21.45","19.85","19.85","-","1.45","--","0","19.85","612","0.00"
"2344  ","華邦電","15591811","2050","87184107","5.92","5.92","5.5","5.5","-","0.41","--","0","5.5","3,370","0.00"
"2345  ","智邦  ","3794250","846","35877355","9.94","9.94","9.12","9.12","-","0.68","--","0","9.12","843","0.00"
"2347  ","聯強  ","8827077","3549","612077415","72","72","66.7","67.7","-","4","67.7","1","67.8","5","17.27"
"2348  ","海悅  ","263353","109","2386677","9.74","9.74","8.88","8.88","-","0.66","--","0","8.88","308","8.38"
"2349  ","錸德  ","22427627","2569","112020307","5.32","5.32","4.89","4.89","-","0.36","--","0","4.89","3,338","0.00"
"2350  ","環電  ","9879488","2423","166568614","17.05","17.15","16.4","16.75","+","0.05","16.75","29","16.8","181","8.82"
"2351  ","順德  ","325025","162","6420027","20.6","20.6","18.95","18.95","-","1.4","18.95","11","19","10","7.32"
"2352  ","佳世達","17868626","4709","291533803","17","17","15.5","15.5","X","0","15.5","57","15.55","8","3.61"
"2353  ","宏碁  ","14082157","3865","817844796","59.1","59.2","57.3","57.4","-","0.8","57.3","23","57.4","8","13.86"
"2354  ","鴻準  ","5863452","3437","833573828","145","146.5","138","138","-","5","138","63","138.5","32","12.06"
"2355  ","敬鵬  ","981356","350","20803463","21.5","21.7","20.65","20.7","-","0.6","20.65","8","20.75","10","9.08"
"2356  ","英業達","3267332","1015","48336277","15.2","15.2","14.35","14.35","-","0.7","14.35","83","14.5","32","8.11"
"2357  ","華碩  ","10284930","4882","806519291","79.5","79.7","77","77","-","1","77","71","77.2","524","10.24"
"2358  ","廷鑫  ","30405","10","142863","4.7","4.7","4.7","4.7","-","0.03","4.41","5","4.53","2","0.00"
"2359  ","所羅門","984140","404","12041812","12.7","12.75","11.6","11.6","-","0.85","11.6","75","11.7","2","2.19"
"2360  ","致茂  ","1334081","734","70314752","55.6","55.6","51.8","52","-","3.6","52","189","52.3","2","11.11"
"2361  ","鴻友  ","1648029","411","7940306","5.1","5.1","4.7","4.7","-","0.35","--","0","4.7","364","0.00"
"2362  ","藍天  ","3900100","1850","172563060","45.5","45.9","41.95","42.9","-","2.15","42.9","5","43","47","19.68"
"2363  ","矽統  ","8213063","1782","62033112","8.04","8.04","7.35","7.35","-","0.55","--","0","7.35","856","0.00"
"2364  ","倫飛  ","1013600","232","3928865","3.99","4.06","3.72","3.8","-","0.19","3.73","17","3.8","34","0.00"
"2365  ","昆盈  ","1423770","507","44381350","31.8","31.8","30","30","-","1.3","30","21","30.05","20","7.85"
"2367  ","燿華  ","2870588","859","60141823","21.6","21.6","20","20","-","1.3","19.9","25","20","10","6.85"
"2368  ","金像電","3500532","981","65240144","18.85","19.2","17.85","17.95","-","0.65","17.95","2","18","9","7.42"
"2369  ","菱生  ","4111896","966","38685914","9.37","9.72","9","9.1","-","0.19","9.1","3","9.13","1","9.78"
"2371  ","大同  ","88739746","10717","871422037","10.3","10.45","9.4","9.4","-","0.7","--","0","9.4","18,415","12.05"
"2373  ","震旦行","950628","372","25140578","27.95","27.95","25.9","27","-","0.8","26.9","3","27","34","16.77"
"2374  ","佳能  ","1944951","821","62116731","32.45","32.7","30.6","30.8","-","1.45","30.8","10","30.9","9","6.34"
"2375  ","智寶  ","1798000","309","7709040","4.55","4.55","4.19","4.19","-","0.31","--","0","4.19","199","0.00"
"2376  ","技嘉  ","2500159","954","54437871","22.45","22.45","21","21","-","1","21","104","21.25","2","7.84"
"2377  ","微星  ","4462399","1387","82199789","18.7","18.8","17.8","17.9","-","0.55","17.9","46","18","58","5.99"
"2379  ","瑞昱  ","13928752","5828","987093440","70.6","73.1","68.5","69","-","1","68.9","43","69","3","17.69"
"2380  ","虹光  ","661300","236","8394899","13.3","13.3","12.1","12.1","-","0.9","12.1","36","12.4","9","9.31"
"2381  ","華宇  ","3616035","644","15230833","4.43","4.47","4.12","4.13","-","0.3","4.13","162","4.16","3","0.00"
"2382  ","廣達  ","10488179","3378","483479890","45.6","46.85","45.55","45.8","+","0.45","45.8","24","45.85","42","8.36"
"2383  ","台光電","1111904","344","13052433","11.9","12","11.3","11.7"," ","0","11.35","16","11.7","36","6.36"
"2384  ","勝華  ","20096030","5074","343704200","17.4","17.65","16.2","16.5","-","0.9","16.5","114","16.55","50","25.38"
"2385  ","群光  ","1116349","619","62909269","57.9","57.9","55","55.6","-","1.9","55.3","1","55.6","8","9.55"
"2387  ","精元  ","686300","273","23942550","35.25","35.35","34.1","34.25","-","1.05","34.2","1","34.25","18","11.27"
"2388  ","威盛  ","10628526","3487","191180655","18.9","19.15","17.6","17.6","-","1.3","--","0","17.6","923","0.00"
"2390  ","云辰  ","548184","122","3455548","6.35","6.62","5.96","6.2","-","0.2","6.2","16","6.3","8","0.00"
"2391  ","合勤  ","9404232","3630","249557573","26.45","27.25","25.5","25.7","-","0.15","25.7","8","25.8","1","11.27"
"2392  ","正崴  ","4606364","2312","273707548","60","61","57","57","-","2.5","57","112","57.1","4","10.27"
"2393  ","億光  ","4189599","2040","375314313","91.5","91.6","86.5","87","-","3","86.8","11","87","4","14.29"
"2395  ","研華  ","1098571","625","74779341","68.8","68.8","67","67","-","0.6","67","13","67.6","22","10.93"
"2396  ","精碟  ","4091545","647","9643317","2.51","2.51","2.31","2.31","-","0.17","--","0","2.31","415","0.00"
"2397  ","友通  ","333127","178","19953818","60.9","61","58.8","59.6","-","0.6","59.6","15","59.7","1","11.02"
"2399  ","映泰  ","603935","182","7098712","12.5","12.5","11.4","12.2","-","0.05","11.7","10","12.25","19","5.7"
"2401  ","凌陽  ","5767604","2507","186517292","32.7","33","31.1","32.7","+","0.4","32.3","3","32.7","6","12.34"
"2402  ","毅嘉  ","648152","278","13433540","21.35","21.35","20.3","20.3","-","0.6","20.3","3","20.35","24","17.96"
"2403  ","友尚  ","2208782","1025","56905968","26.4","26.65","24.5","24.65","-","1.3","24.65","9","24.75","3","8.96"
"2404  ","漢唐  ","1248286","504","24595933","20.3","20.5","18.9","18.9","-","1.4","--","0","18.9","172","6.12"
"2405  ","浩鑫  ","959025","352","11047028","11.8","11.9","10.9","11.15","-","0.25","11.15","25","11.2","5","28.59"
"2406  ","國碩  ","4190156","846","25870656","6.4","6.59","5.96","6.05","-","0.35","5.97","12","6.05","3","0.00"
"2408  ","南亞科","25156535","4325","270152877","11.3","11.3","10.65","10.65","-","0.8","--","0","10.65","5,028","0.00"
"2409  ","友達  ","73770406","20345","2907500002","41.5","41.5","38.3","38.45","-","2.65","38.4","1,139","38.45","101","3.42"
"2411  ","飛瑞  ","163501","119","7377893","48","48","44.1","44.1","-","2.6","44","7","44.1","5","18.22"
"2412  ","中華電","16471040","5063","1197736170","73","73.5","71.9","72","-","0.6","72","150","72.1","1","14.69"
"2413  ","環科  ","215268","100","2114467","9.9","10.15","9.3","9.32","-","0.52","9.32","1","9.6","2","0.00"
"2414  ","精技  ","3549060","1121","54222038","15.45","15.6","14.7","14.9","-","0.1","14.9","1","14.95","5","9.03"
"2415  ","錩新  ","1690688","70","17403747","10.5","10.55","10","10","-","0.3","10","28","10.1","2","15.87"
"2417  ","圓剛  ","1781665","883","75342030","44","44","40.2","40.9","-","2.2","40.9","2","41","4","10.23"
"2419  ","仲琦  ","730028","172","5227820","7.3","7.44","7","7","-","0.32","7","7","7.05","3","14.58"
"2420  ","新巨  ","522748","184","8951565","17.75","17.75","16.5","16.5","-","1","16.4","6","16.75","5","8.92"
"2421  ","建準  ","1053060","230","15968038","15.6","15.6","14.5","15.1","-","0.05","15.1","13","15.15","15","21.27"
"2423  ","固緯  ","220227","107","4157689","18.8","19.05","18.75","18.85","+","0.1","18.85","50","18.9","1","7.85"
"2424  ","隴華  ","163761","42","597853","3.65","3.72","3.52","3.52","-","0.19","3.52","2","3.6","17","0.00"
"2425  ","承啟  ","103138","47","436531","4.3","4.41","4","4","-","0.25","4","3","4.22","2","0.00"
"2426  ","鼎元  ","7746489","2128","213885107","28","28.2","26","26.4","-","1.5","26.4","11","26.45","3","22.76"
"2427  ","三商電","758824","168","4929238","6.71","6.71","6.35","6.65","-","0.06","6.52","4","6.65","28","0.00"
"2428  ","興勤  ","713718","211","13878718","19.9","20","18.9","18.9","-","0.85","18.9","28","19","2","7.03"
"2430  ","燦坤  ","427642","250","11510226","27.4","27.4","26.4","26.5","-","0.7","26.4","16","26.5","5","3.53"
"2431  ","聯昌  ","987431","124","8968715","8.77","9.38","8.71","8.95","+","0.18","8.62","5","8.95","11","0.00"
"2432  ","倚天  ","1002894","436","53303021","53.6","54","52.4","52.5","-","1","52.5","14","52.6","1","13.74"
"2433  ","互盛電","189750","89","3899925","21.15","21.15","20.25","20.25","-","0.45","20.25","1","20.45","4","6.89"
"2434  ","統懋  ","855054","436","19535396","24.1","24.2","22.25","22.25","-","1.65","--","0","22.25","139","40.45"
"2436  ","偉詮電","4974000","2078","112053349","22.7","23.2","21.3","21.5","-","0.75","21.5","71","21.6","18","14.05"
"2437  ","旺詮  ","100820","57","2474680","25","25.25","24.2","24.2","-","0.7","24.2","22","24.45","1","7.38"
"2438  ","翔耀  ","2626002","392","10084375","3.95","4","3.81","3.81","-","0.28","--","0","3.81","9,208","0.00"
"2439  ","美律  ","2506455","1090","125217765","49.2","50.8","49.1","50","+","1.5","49.9","1","50","134","10.66"
"2440  ","太空梭","583900","127","4327029","7.81","7.81","7.2","7.2","-","0.54","--","0","7.2","4","15.65"
"2441  ","超豐  ","1412243","656","48658138","35.2","35.2","33.6","33.7","-","0.6","33.7","11","33.8","30","6.71"
"2442  ","新美齊","252595","101","1395070","5.99","5.99","5.22","5.49","-","0.12","5.25","15","5.49","2","0.00"
"2443  ","新利虹","1041592","238","3711121","3.75","3.79","3.45","3.45","-","0.25","--","0","3.45","90","172.5"
"2444  ","友旺  ","303461","155","3305519","11.3","11.6","10.35","10.45","-","0.65","10.45","22","10.65","3","18.02"
"2446  ","全懋  ","19843143","5037","312935095","15.7","16.2","15","15","-","0.5","15","211","15.2","13","9.55"
"2448  ","晶電  ","27579637","11103","1597145809","59.5","60.4","55","56.5","-","2.2","56.5","10","56.6","146","18.4"
"2449  ","京元電","24392854","4301","331052529","13.4","13.85","13.1","13.1","X","0","13.1","350","13.15","10","8.04"
"2450  ","神腦  ","736010","285","29893207","40.1","42.3","39.7","40.95","+","1.25","40.8","2","41.2","31","8.73"
"2451  ","創見  ","3045164","1753","279489564","94.2","94.2","87.1","88.2","-","2.4","88.1","9","88.2","19","15.05"
"2452  ","乾坤  ","293099","114","12831346","45","45","43","43.7","-","1.1","43.5","4","43.7","2","11.15"
"2453  ","凌群  ","360000","96","3038780","8.51","8.52","8.37","8.38","-","0.2","8.38","12","8.4","8","27.93"
"2454  ","聯發科","21358640","12697","6466718560","299","307.5","296.5","304","+","16.5","303.5","1","304","34","10.95"
"2455  ","全新  ","1876600","1028","81012910","43.6","44.8","41.6","41.9","-","1.6","41.85","1","41.9","4","31.98"
"2456  ","奇力新","280425","110","3601816","13.15","13.15","12.4","12.7","-","0.4","12.7","2","12.75","12","8.47"
"2457  ","飛宏  ","3288250","1119","39545391","12.4","12.4","11.5","11.75"," ","0","11.7","5","11.75","17","7.94"
"2458  ","義隆  ","23641193","9728","889847849","37.5","38.6","36.2","37","+","0.3","37","194","37.05","3","22.42"
"2459  ","敦吉  ","537553","188","10197269","19.5","19.5","18.3","18.3","-","0.95","18.3","1","18.45","1","6.42"
"2460  ","建通  ","925823","379","21469160","23.9","24","21.9","22","-","1.5","22","48","22.45","3","6.36"
"2461  ","光群雷","334100","120","6146600","18.9","18.9","18","18.1","-","0.6","18.1","12","18.15","2","6.01"
"2462  ","良得電","176100","68","2109060","12.05","12.3","11.6","11.6","-","0.3","11.6","29","11.9","1","9.83"
"2463  ","研揚  ","83020","54","4582886","56.6","56.6","54.2","54.2","-","2.6","54.2","1","55.8","1","11.94"
"2464  ","盟立  ","241157","137","7421367","31","31.25","30.35","30.35","-","0.45","30.35","2","30.5","10","7.46"
"2465  ","麗臺  ","481850","167","3986557","8.72","8.72","8","8.02","-","0.32","8.02","7","8.14","1","0.00"
"2466  ","冠西電","131900","51","4889170","37.65","37.65","36.25","36.25","-","0.55","36.25","7","37.25","2","28.77"
"2467  ","志聖  ","253206","103","3837540","15.25","15.4","14.6","15","-","0.2","14.6","5","15","4","9.49"
"2468  ","華經  ","182770","68","1868811","10.4","10.55","10","10","-","0.25","10","1","10.1","4","4.72"
"2471  ","資通  ","359000","85","2570840","7.5","7.5","7","7.1","+","0.06","7.1","1","7.23","15","0.00"
"2472  ","立隆電","276000","76","1963210","7.14","7.28","7","7.03","-","0.08","7","40","7.03","7","0.00"
"2473  ","思源  ","1908462","858","66516796","35.35","35.6","33.3","33.3","-","1.65","33.3","5","33.75","1","10.88"
"2474  ","可成  ","11607433","6070","951725980","82.6","83.7","79.3","79.9","-","1","79.8","21","79.9","21","6.86"
"2475  ","華映  ","104860540","12639","724979037","7.3","7.35","6.79","6.79","-","0.51","--","0","6.79","6,791","3.81"
"2476  ","鉅祥  ","1322906","516","36600764","28.95","29","26.95","26.95","-","2","--","0","26.95","23","8.81"
"2477  ","美隆電","721000","257","9303650","13.25","13.3","12.5","12.6","-","0.45","12.55","33","12.6","6","5.89"
"2478  ","大毅  ","607121","241","12655513","21.5","21.8","20.15","20.15","-","1.3","20.15","5","20.45","1","24.88"
"2480  ","敦陽科","566700","202","7485629","13.6","13.6","12.8","12.8","-","0.75","12.75","5","12.8","4","9.01"
"2481  ","強茂  ","2132010","881","43972395","21.3","21.6","19.85","19.9","-","1.3","19.9","70","20","4","17.61"
"2482  ","連宇  ","141070","78","2501268","17.95","18.35","17.1","17.5","-","0.4","17.25","1","17.7","1","14.71"
"2483  ","百容  ","136500","52","1721550","12.65","12.75","12.55","12.55","-","0.1","12.55","23","12.6","5","25.1"
"2484  ","希華  ","539522","192","7988530","15.2","15.25","14.5","14.8","-","0.2","14.65","1","14.8","5","10.28"
"2485  ","兆赫  ","1384527","619","106193219","76.7","76.7","76.7","76.7","X","0","76.7","4,489","--","0","12.25"
"2486  ","一詮  ","926100","445","30019920","33.4","33.5","31.5","31.9","-","1.3","31.7","10","31.9","1","9.47"
"2488  ","漢平  ","527444","87","8950459","17","17.05","16.55","16.9","-","0.1","16.9","21","17","7","7.25"
"2489  ","瑞軒  ","7999410","2190","147339607","19.25","19.25","17.95","18.7","-","0.55","18","3","18.7","3","5.65"
"2491  ","吉祥全","9452196","2790","152180381","15.7","16.6","15.6","16.35","+","0.8","16.3","120","16.35","37","0.00"
"2492  ","華新科","2258934","521","34688160","15.9","15.95","15","15.1","-","0.5","15.05","22","15.1","3","12.18"
"2493  ","揚博  ","214060","81","2121602","10.15","10.15","9.71","9.71","-","0.27","9.71","12","9.72","1","11.56"
"2494  ","廣業科","0","0","0","--","--","--","--"," ","0","--","0","5","2","0.00"
"2495  ","普安  ","649400","352","22089100","35","35","33","33","-","1.5","33","128","33.05","2","5.61"
"2496  ","卓越  ","0","0","0","--","--","--","--"," ","0","--","","--","","0.00"
"2497  ","怡利電","201002","87","3650285","18.5","18.6","17.8","18","-","0.35","18","8","18.35","3","28.57"
"2498  ","宏達電","12305627","8062","6030446730","504","504","473","484","-","6","484","429","484.5","2","12.05"
"2499  ","東貝  ","2018473","628","34591865","17.9","17.9","16.55","17.8","+","0.05","17.5","4","17.8","42","0.00"
"2501  ","國建  ","17983025","3770","235092405","13.7","13.75","12.3","12.3","-","0.9","--","0","12.3","89","20.16"
"2504  ","國產  ","39117567","6448","535985543","14.3","14.5","12.95","13.45","-","0.45","13.45","654","13.5","64","14.31"
"2505  ","國揚  ","5526533","1281","84541531","15.5","15.85","14.1","14.65","-","0.5","14.65","68","14.7","4","6.78"
"2506  ","太設  ","331147","53","1148727","3.48","3.52","3.45","3.5","-","0.07","3.5","48","3.52","50","7.78"
"2509  ","全坤建","1190169","481","27802932","23.8","24.25","22","22","-","1.3","22","22","22.3","17","4.35"
"2511  ","太子  ","18951794","4243","292423488","16.05","16.35","14.5","14.6","-","0.95","14.6","982","14.65","40","50.34"
"2514  ","龍邦  ","1021083","229","14535777","14.2","14.35","14.05","14.25","-","0.2","14.2","20","14.25","1","0.00"
"2515  ","中工  ","17317986","3094","135826294","8.09","8.1","7.45","7.53","-","0.19","7.53","171","7.55","10","19.31"
"2516  ","新建  ","429400","178","2195053","5.2","5.33","4.9","4.9","-","0.16","4.9","21","4.99","5","28.82"
"2520  ","冠德  ","10422128","2696","157008694","15.15","15.55","14.05","14.4","-","0.4","14.35","21","14.4","85","15.48"
"2524  ","京城  ","5828170","2479","178090118","31.05","32.3","28.65","28.65","-","2.15","28.65","4","28.7","1","12.14"
"2526  ","大陸  ","1920217","646","30441863","15.9","16.25","15.2","15.4","-","0.35","15.4","3","15.5","39","11.49"
"2527  ","宏璟  ","1033020","174","11797722","12","12.2","11.1","11.1","-","0.8","11.1","7","11.4","20","32.65"
"2528  ","皇普  ","0","0","0","--","--","--","--"," ","0","--","","--","","0.00"
"2530  ","華建  ","750006","220","4428193","6.08","6.25","5.63","5.63","-","0.42","--","0","5.63","12","0.00"
"2534  ","宏盛  ","4349950","1671","105699660","24.45","25","23.3","23.65","-","0.4","23.65","12","23.7","6","4.69"
"2535  ","達欣工","11806812","3531","240751517","20","20.95","19.45","19.85","+","0.25","19.8","80","19.85","42","14.08"
"2536  ","宏普  ","2398406","1070","85126821","36","36.9","33.5","34","-","1.2","33.95","10","34","3","8.15"
"2537  ","聯上發","0","0","0","--","--","--","--"," ","0","7.64","9","--","0","0.00"
"2538  ","基泰  ","5136993","1178","69028704","13.95","14.1","12.65","13.4","-","0.15","13","4","13.4","31","8.17"
"2539  ","櫻花建","0","0","0","--","--","--","--"," ","0","--","0","28.2","1","0.00"
"2540  ","愛山林","0","0","0","--","--","--","--"," ","0","--","0","7.88","5","9.01"
"2542  ","興富發","12495122","4576","376842906","31","31.7","28.45","28.75","-","1.8","28.75","25","28.8","33","7.61"
"2543  ","皇昌  ","1348000","287","9181670","6.99","7.05","6.5","6.5","-","0.31","6.5","3","6.6","2","11.61"
"2545  ","皇翔  ","1532359","848","76955988","52.6","53.4","47.25","47.25","-","3.55","--","0","47.25","224","10.79"
"2546  ","根基  ","449000","192","4647610","10.6","10.75","9.87","10.15","-","0.2","10.1","2","10.2","12","12.53"
"2547  ","日勝生","5292755","1895","141369953","27","27.7","24.85","26.6"," ","0","25.85","5","26.6","125","11.67"
"2548  ","華固  ","6841114","3607","560184485","85","85.3","76.5","82","+","0.5","81.5","4","82","8","6.89"
"2601  ","益航  ","7840251","4114","455504431","57.7","60.3","56.7","57.5","+","0.8","57.5","13","57.6","1","12.16"
"2603  ","長榮  ","13600305","2835","273778879","20.9","20.9","19.25","19.6","-","1","19.6","144","19.65","42","5.73"
"2605  ","新興  ","2108962","1062","112784219","54.8","55","52","52","-","2.6","52","83","52.4","46","11.74"
"2606  ","裕民  ","5779405","3190","474818830","82.8","83.9","80","83","+","0.2","82.5","1","83","15","6.92"
"2607  ","榮運  ","16520839","5005","359788944","22.5","22.7","20.65","20.8","-","1.3","20.8","9","20.85","3","23.11"
"2608  ","大榮  ","2331459","739","40757009","18.05","18.2","16.8","17","-","0.95","17","11","17.1","9","0.00"
"2609  ","陽明  ","7126401","1520","132547418","19.1","19.1","18.05","18.1","-","0.7","18.1","66","18.2","23","6.05"
"2610  ","華航  ","70974782","7793","726506307","10.5","10.5","9.8","9.85","-","0.25","9.84","6","9.85","11","0.00"
"2611  ","志信  ","299585","96","5181269","17.15","17.5","16.9","17.5"," ","0","17.3","20","17.5","24","30.7"
"2612  ","中航  ","2960648","1889","254577143","87","88","84.1","86","+","0.7","86","98","86.1","13","8.07"
"2613  ","中櫃  ","1066030","499","21361764","20.9","20.9","19.05","19.2","-","1.25","19.15","18","19.2","4","10.38"
"2614  ","東森  ","8648832","1765","85068669","10.1","10.15","9.42","9.55","-","0.41","9.5","158","9.55","2","6.77"
"2615  ","萬海  ","6368509","1734","115819912","18.5","18.55","17.9","18"," ","0","18","195","18.05","3","7.93"
"2616  ","山隆  ","817328","233","11665401","14.9","14.9","14","14.45","-","0.3","14.2","5","14.5","62","8.16"
"2617  ","台航  ","3975275","2495","237706704","60.4","61.5","58.5","58.5","-","0.7","58.5","66","58.8","25","13.39"
"2618  ","長榮航","69143704","9550","719033793","10.5","10.8","9.95","9.98","-","0.27","9.98","210","9.99","101","0.00"
"2701  ","萬企  ","458039","176","5862307","13.25","13.35","12.25","13","-","0.15","12.9","10","13","2","26"
"2702  ","華園  ","603000","190","13354550","23.6","23.6","21.5","21.8","-","1.3","21.8","6","21.95","2","43.6"
"2704  ","國賓  ","2892653","1311","107557865","38.4","38.4","35.25","35.25","-","2.65","--","0","35.25","252","37.9"
"2705  ","六福  ","4882591","1509","80617095","17.3","17.35","15.7","15.7","-","1.15","--","0","15.7","168","0.00"
"2706  ","第一店","346085","182","8556929","26","26","23.85","23.85","-","1.75","--","0","23.85","37","19.08"
"2707  ","晶華  ","815165","747","343489490","435","440","400","400","-","30","--","0","400","131","27.68"
"2801  ","彰銀  ","23248381","4302","419425180","18.6","18.6","17.1","17.3","-","0.65","17.3","3","17.35","21","10.88"
"2809  ","京城銀","2735982","450","19757096","7.75","7.75","7.07","7.39","-","0.21","7.31","100","7.39","13","21.74"
"2812  ","台中銀","3769179","427","45795122","12.55","12.55","11.9","11.95","-","0.4","11.9","167","11.95","2","8.79"
"2816  ","旺旺保","55497","14","524471","10.1","10.1","9.4","9.4","-","0.7","--","0","9.99","1","0.00"
"2820  ","華票  ","2317377","397","14293504","6.39","6.4","5.9","6","-","0.33","6","26","6.02","6","8.82"
"2823  ","中壽  ","2025497","679","41404311","21.7","21.7","19.6","19.6","-","1.25","19.6","15","19.65","12","12.89"
"2832  ","台產  ","758123","230","17306371","23","23.25","22.3","22.95","+","0.05","22.55","2","22.95","16","5.87"
"2833  ","台壽保","1458772","719","45474057","33","33","30","30.1","-","1.9","30.1","3","30.25","1","150.5"
"2834  ","臺企銀","37221464","3582","377527636","10.3","10.4","9.67","9.75","-","0.35","9.75","531","9.76","10","19.5"
"2836  ","高雄銀","2817266","558","35920298","13.2","13.2","12.2","12.2","-","0.8","12.2","470","12.4","14","0.00"
"2837  ","萬泰銀","1329298","89","2711046","2.15","2.2","2","2","-","0.14","--","0","2","1,035","0.00"
"2838  ","聯邦銀","1349000","245","7814820","5.98","6","5.67","5.67","-","0.42","5.67","49","5.7","33","0.00"
"2841  ","台開  ","1626043","401","20638387","13.5","13.5","12.3","12.4","-","0.8","12.35","40","12.4","7","4.61"
"2845  ","遠東銀","6835535","976","57273908","8.9","8.9","8.11","8.11","-","0.61","8.11","34","8.12","20","0.00"
"2847  ","大眾銀","5009851","870","41163590","8.45","8.45","8.12","8.21","-","0.02","8.21","290","8.24","29","0.00"
"2849  ","安泰銀","45470","10","275534","5.9","6.1","5.9","6","-","0.2","6","3","6.09","5","0.00"
"2850  ","新產  ","560863","175","8265684","15","15","14.6","14.7"," ","0","14.65","34","14.7","14","9.61"
"2851  ","中再保","326180","152","4721594","15","15","14.1","14.15","-","0.65","14.1","33","14.15","4","6.58"
"2852  ","第一保","540468","123","6947352","13.1","13.1","12.75","13.05","-","0.05","12.75","51","13.05","2","7.02"
"2854  ","寶來證","28931177","4086","421812328","14.95","15.05","13.85","13.9","-","0.75","13.9","121","13.95","112","9.21"
"2855  ","統一證","5818364","1103","102715133","18.65","18.7","16.9","16.9","-","1.25","16.9","573","17","3","7.61"
"2856  ","元富證","7315492","1230","75318160","10.8","10.85","9.91","10","-","0.65","9.97","11","10","2","55.56"
"2880  ","華南金","15530435","2943","356941463","23.55","23.7","21.9","22.3","-","1","22.3","103","22.35","280","13.35"
"2881  ","富邦金","26815729","4861","725287552","27.6","27.6","26.5","26.7","-","0.6","26.7","217","26.75","51","13.83"
"2882  ","國泰金","79221320","20621","4825281709","60.5","62","60","60","+","1.2","60","1,745","60.1","42","37.74"
"2883  ","開發金","18231709","3163","186324693","10.7","10.75","9.88","9.92","-","0.63","9.91","115","9.92","142","22.04"
"2884  ","玉山金","19013289","2140","268781862","14.9","14.95","13.75","13.9","-","0.85","13.9","52","13.95","48","14.04"
"2885  ","元大金","174343370","18917","3265612696","18.9","19.2","18.25","18.5","+","0.35","18.5","3,445","18.55","357","22.02"
"2886  ","兆豐金","50095986","5579","1005325057","21","21.05","19.55","19.65","-","1.35","19.6","31","19.65","1","14.56"
"2887  ","台新金","20600949","2223","225804093","11.35","11.4","10.7","10.75","-","0.45","10.7","105","10.75","227","6.85"
"2887C ","新丙特","0","0","0","--","--","--","--"," ","0","29.7","5","30","5","0.00"
"2888  ","新光金","75246277","10025","1301199457","18.15","18.15","16.55","16.55","-","1.2","--","0","16.55","6,821","0.00"
"2889  ","國票金","5362895","707","43484640","8.36","8.4","7.75","7.99","-","0.3","7.98","100","7.99","833","9.99"
"2890  ","永豐金","14282922","2608","167623294","12.3","12.3","11.4","11.5","-","0.6","11.45","34","11.5","211","0.00"
"2891  ","中信金","40022431","4842","912985509","23.5","23.5","21.8","22.05","-","1","22.05","26","22.1","53","11.79"
"2892  ","第一金","85597347","12285","2313732180","27.35","27.7","25.7","25.8","-","0.65","25.75","122","25.8","352","12.11"
"2901  ","欣欣  ","33024","30","732432","22.15","22.6","21.9","22","-","0.9","21.7","1","22","4","81.48"
"2903  ","遠百  ","13878133","4325","394659953","29.3","29.55","27.5","27.5","-","2.05","--","0","27.5","1,859","18.71"
"2904  ","匯僑  ","115000","41","799250","7.38","7.46","6.87","6.87","-","0.51","--","0","6.87","7","9.41"
"2905  ","三商  ","2865138","679","36506502","13.2","13.45","12.2","12.25","-","0.85","12.25","58","12.4","15","25"
"2906  ","高林  ","372751","99","3923433","10.65","10.8","10.3","10.35","-","0.4","10.3","39","10.35","98","21.12"
"2908  ","特力  ","958722","252","17067704","18","18","17.7","17.7","-","0.3","17.65","58","17.7","4","14.87"
"2910  ","統領  ","46000","27","1025900","23","23","21.5","22.2","-","0.55","22.1","1","22.25","18","16.57"
"2911  ","麗嬰房","348111","238","6872578","19.85","20.45","19","19.5","+","0.15","19.2","2","19.5","10","15.98"
"2912  ","統一超","2549056","1560","231175267","94.4","94.4","89.5","90","-","3.1","89.9","7","90","11","22.9"
"2913  ","農林  ","16232551","4579","269981215","17","17.3","15.7","16","-","0.7","16","90","16.05","25","94.12"
"2915  ","潤泰全","2649427","971","68724152","27","27","25.3","26","-","0.4","25.9","1","26","3","19.12"
"3002  ","歐格  ","205000","80","3372250","16.6","16.7","16.15","16.3","-","0.15","16.15","8","16.3","1","8.62"
"3003  ","健和興","83164","38","1650280","21","21","19.25","19.6","-","0.4","19.6","3","20","12","10.26"
"3004  ","豐達科","0","0","0","--","--","--","--"," ","0","--","0","2.05","35","0.00"
"3005  ","神基  ","2883256","886","49342706","18","18","16.6","16.85","-","0.95","16.8","12","16.85","2","7.08"
"3006  ","晶豪科","5251909","2822","215914360","41","42.6","39.6","40","-","0.65","40","6","40.1","9","14.18"
"3008  ","大立光","4012773","3158","1519278648","370.5","384.5","370.5","376","+","12.5","376","11","376.5","9","19.2"
"3009  ","奇美電","58839576","14312","1598847906","28.6","28.6","26.45","26.5","-","1.9","26.5","119","26.55","62","3.69"
"3010  ","華立  ","396404","233","21140309","54","54","52.5","52.6","-","1.1","52.5","15","52.8","5","8.21"
"3011  ","今皓  ","411040","115","2376995","5.81","6","5.5","5.79","+","0.04","5.7","7","5.79","4","0.00"
"3013  ","晟銘電","552386","217","5559751","10.3","10.3","9.96","10","-","0.15","10","26","10.05","4","41.67"
"3014  ","聯陽  ","12930254","5991","1076980967","83","85.3","80","80.3","-","1.4","80.3","30","80.5","25","15.56"
"3015  ","全漢  ","900125","290","22285537","25.4","25.4","24.2","24.2","-","0.65","24.2","3","24.6","1","8.01"
"3016  ","嘉晶  ","785300","469","22127195","29.5","29.5","27.15","27.15","-","2","27.15","21","27.4","3","67.88"
"3017  ","奇鋐  ","4442609","785","72383094","17.4","17.4","15.95","15.95","-","1.15","15.95","63","16","15","7.49"
"3018  ","同開  ","59000","8","71200","1.21","1.35","1.2","1.35","+","0.08","1.35","2","--","0","0.00"
"3019  ","亞光  ","1080781","670","58337474","56.1","56.8","51.7","51.8","-","3.7","51.8","3","52.2","2","7.37"
"3021  ","鴻名  ","7000","2","56000","8","8","8","8"," ","0","7.8","6","8","6","9.88"
"3022  ","威強電","2102144","979","79410090","39.05","39.1","36.1","36.4","-","1.9","36.4","10","36.45","1","9.71"
"3023  ","信邦  ","690350","209","12409603","18.5","18.5","17.5","17.5","-","0.7","17.5","49","17.75","4","5.66"
"3024  ","憶聲  ","1501415","339","13513928","9.51","9.65","8.84","8.86","-","0.64","8.86","172","8.87","18","10.8"
"3025  ","星通  ","355000","144","3238460","9.59","9.59","8.82","8.87","-","0.33","8.87","1","8.9","1","15.29"
"3026  ","禾伸堂","711154","357","24231563","35.3","35.3","32.65","32.8","-","2.1","32.7","15","32.8","2","8.02"
"3027  ","盛達  ","401000","166","6103500","15.35","15.4","14.85","15.25","-","0.05","15","10","15.25","1","7.59"
"3028  ","增你強","744090","252","11418309","15.7","15.8","14.8","15","-","0.7","14.95","34","15","5","8.02"
"3029  ","零壹  ","907113","242","8051851","9","9.01","8.6","8.61","-","0.05","8.61","7","8.66","3","18.72"
"3030  ","德律  ","2470894","1069","96370833","37.95","39.55","37.95","38.5","+","1.5","38.45","2","38.5","112","7.72"
"3031  ","佰鴻  ","2306634","1215","85537514","38","38.7","35.2","35.2","-","2.6","--","0","35.2","154","11.54"
"3032  ","偉訓  ","170452","64","2291976","13.75","13.75","13","13","-","0.65","13","47","13.2","2","6.88"
"3033  ","威健  ","580500","179","9504450","16.7","16.7","16.1","16.3","-","0.2","16.3","34","16.4","4","8.96"
"3034  ","聯詠  ","9039575","5225","637688526","73.1","73.5","68.2","69.6","-","3.4","69.5","1","69.7","155","5.75"
"3035  ","智原  ","27191558","10504","1458390761","52.6","55.2","52.2","52.6","+","0.6","52.6","24","52.7","4","13.63"
"3036  ","文曄  ","1177359","538","31767259","27.7","27.7","26.1","26.15","-","1.1","26.15","15","26.35","1","6.39"
"3037  ","欣興  ","16197187","3761","532561870","32.4","33.5","32","32.75","+","0.6","32.7","37","32.75","26","6.21"
"3038  ","全台  ","1258000","277","10432790","8.6","8.61","8.12","8.15","-","0.58","8.15","136","8.19","7","0.00"
"3040  ","遠見  ","430001","120","4587910","10.85","10.95","10.1","10.5","-","0.25","10.15","2","10.6","7","6.33"
"3041  ","揚智  ","12560786","5999","559759184","44","45.95","42.7","44"," ","0","43.85","15","44","302","22.34"
"3042  ","晶技  ","3991297","1939","216975472","54.9","56","52.1","52.1","-","2.2","52.1","59","52.4","20","11.43"
"3043  ","科風  ","1033945","467","24809623","25.5","25.5","23.2","23.2","-","1.7","--","0","23.2","100","19.02"
"3044  ","健鼎  ","1770935","852","144973813","81.2","84","79.6","82.4","+","3.4","82.2","5","82.4","1","8.81"
"3045  ","台灣大","4718293","1433","257754562","54.8","55.3","53.3","54.8","+","0.2","54.8","38","54.9","100","29.78"
"3046  ","建碁  ","1412400","382","18257467","12.4","13.05","12.2","12.95","+","0.75","12.95","1","13","103","6.35"
"3047  ","訊舟  ","540000","178","12579200","24.5","24.5","22.8","22.8","-","1.7","--","0","22.8","398","9.08"
"3048  ","益登  ","622366","162","6938596","11.3","11.5","10.9","11","-","0.4","10.9","34","11","13","5.82"
"3049  ","和鑫  ","14494620","3286","142083980","10.25","10.25","9.49","9.49","-","0.71","--","0","9.49","8,359","0.00"
"3050  ","鈺德  ","1733020","512","11272075","6.72","6.9","6.28","6.29","-","0.46","6.29","6","6.3","23","23.3"
"3051  ","力特  ","4444207","599","23643180","5.32","5.32","5.32","5.32","-","0.4","--","0","5.32","15,685","0.00"
"3052  ","夆典  ","337509","89","2056742","6.09","6.3","5.8","5.85","-","0.18","5.8","10","5.85","5","10.45"
"3054  ","萬國  ","6138","7","95956","17","17","15","15.1","-","0.9","--","0","15.05","1","100.67"
"3055  ","蔚華科","1097677","385","21363726","19.55","19.8","18.65","18.9","-","0.4","18.9","30","19","42","5.46"
"3056  ","總太  ","0","0","0","--","--","--","--"," ","0","--","","--","","0.00"
"3057  ","喬鼎  ","388196","157","8192566","22","22","20.6","21.15","-","0.3","20.65","8","21.15","28","31.1"
"3058  ","立德  ","448276","166","4557834","10.4","10.45","9.8","9.8","-","0.55","9.8","5","9.98","4","18.49"
"3059  ","華晶科","4164080","1965","175458066","43.1","43.1","40.5","41.5","+","1.2","41.5","7","41.55","1","7.28"
"3060  ","銘異  ","1287223","709","50462247","38.9","40.5","38.1","38.8","+","0.7","38.7","7","38.8","27","9.49"
"3061  ","璨圓  ","4290097","1719","110535246","26.5","26.8","24.5","24.65","-","1.6","24.65","2","24.7","2","20.89"
"3062  ","建漢  ","5874760","2727","243161606","42.05","42.7","39.6","40.2","-","1.85","40.2","21","40.3","2","20.62"
"3063  ","飛信  ","1231584","454","11001829","9.5","9.5","8.62","9.1","-","0.16","9.1","89","9.12","4","0.00"
"3080  ","威力盟","846400","486","31732780","39.3","39.3","36","36","-","2.3","36","3","36.4","5","8.28"
"3090  ","日電貿","192280","117","5063116","27.3","27.3","25.8","25.8","-","1.35","25.6","1","25.8","4","7.82"
"3094  ","聯傑  ","1929615","1091","65081017","34.65","34.65","32","32","-","0.55","32","38","32.8","26","17.78"
"3130  ","一零四","61105","41","6363630","104.5","105","100","105","-","2","101","2","105","1","13.26"
"3189  ","景碩  ","6378509","2302","353527700","53.9","56.3","53.9","55.8","+","1.9","55.7","50","55.8","17","6.55"
"3231  ","緯創  ","16160270","4433","680297662","42.8","42.9","41.8","41.9","-","0.65","41.9","69","41.95","2","8.06"
"3296  ","勝德  ","149382","93","5433552","36.8","37","36","36","-","1","36","9","36.5","5","8.74"
"3305  ","昇貿  ","212679","115","10810135","51.8","52","49.25","49.5","-","1.5","49.5","7","49.9","2","10.95"
"3308  ","聯德  ","46000","29","1174300","25.6","26","25.2","25.8","-","1.2","25.2","3","26.7","1","6.84"
"3311  ","閎暉  ","1759534","960","153590870","87.4","87.4","86.3","87.4","+","5.7","87.4","85","--","0","10.5"
"3315  ","宣昶  ","741009","380","21472256","30.85","30.85","28.4","28.4","-","2.1","--","0","28.4","26","6.11"
"3356  ","奇偶  ","444180","271","75822690","170.5","172","169.5","170","+","0.5","170","60","170.5","5","11.98"
"3367  ","英華達","718800","435","29876508","42.45","42.8","40.2","40.2","-","1.4","40.2","43","40.7","2","6.41"
"3376  ","新日興","1386550","690","195533600","136.5","142.5","134.5","142","+","8.5","142","1","142.5","20","13.4"
"3380  ","明泰  ","558056","299","14652706","27","27","25.7","25.8","-","0.7","25.8","14","25.85","1","9.31"
"3383  ","新世紀","1331600","895","99505840","76.5","76.5","71.6","71.6","-","3.4","71.6","3","72.2","1","23.87"
"3406  ","玉晶光","850005","563","43942746","53.2","54.3","49.3","49.35","-","3.65","49.35","14","49.9","3","0.00"
"3419  ","譁裕  ","367100","144","5469675","15.35","15.5","14.15","14.15","-","1.05","14.15","7","14.5","1","17.26"
"3443  ","創意  ","4867190","3602","1174748720","241","247","236","240","+","2.5","240","4","240.5","2","37.74"
"3450  ","聯鈞  ","1723455","724","35373316","20.5","21.2","19.7","19.75","-","0.15","19.75","11","19.9","1","11.35"
"3474  ","華亞科","15066230","2862","212914500","15.1","15.15","13.95","13.95","-","1.05","--","0","13.95","158","0.00"
"3481  ","群創  ","41281592","15091","2144733992","54.4","54.5","50.5","50.5","-","3.7","--","0","50.5","2,662","7.56"
"3494  ","誠研  ","272100","123","3478035","13.5","13.5","12.35","12.35","-","0.9","--","0","12.6","3","13.72"
"3501  ","維熹  ","124100","85","5436380","45.1","45.1","42.2","43.9","-","1.05","43.5","5","44.5","1","10.53"
"3504  ","揚明光","150000","50","6601450","44.5","44.65","42.25","43.4","-","0.8","42.5","3","43.4","11","12.36"
"3514  ","昱晶  ","4378315","3093","906004705","210","210","203","208","-","5","208","44","208.5","21","63.8"
"3515  ","華擎  ","254065","205","27529150","112.5","112.5","104.5","105.5","-","6.5","105.5","1","106","3","8.15"
"3518  ","柏騰  ","1775100","1265","269540100","152","156","146","149.5"," ","0","149","8","150","10","12.56"
"3519  ","綠能  ","1017150","766","182425375","182.5","182.5","177","181","-","1.5","181","10","181.5","3","31.21"
"3532  ","台勝科","464911","364","43361119","98","98","91","91.5","-","6","91.2","3","91.5","18","14.08"
"3533  ","嘉澤  ","114100","53","3679280","34","34","31.6","32","-","1","32","2","32.45","3","8.96"
"3534  ","雷凌  ","3831883","2723","870841824","224","233.5","222","228","+","9","227","1","228","3","20.75"
"3535  ","晶彩科","112997","64","4416383","40","40.6","38.1","39.2","-","1.05","38.05","2","39.6","5","14.46"
"3536  ","誠創  ","1781000","694","30758250","18.45","18.45","16.85","16.85","-","1.25","--","0","16.85","211","6.56"
"3545  ","敦泰  ","721000","495","40482700","59.5","59.5","54","54","-","4","--","0","54","58","18.37"
"3557  ","嘉威  ","773369","404","16428529","22.3","22.3","20.95","20.95","-","1.55","--","0","20.95","466","4.89"
"3701  ","大眾控","731","7","4602","--","--","--","--"," ","0","--","0","6.3","6","0.00"
"3702  ","大聯大","14600053","5312","539489715","38","38","35.5","36.25","-","1.2","36.25","1","36.3","5","9.96"
"4104  ","佳醫  ","528200","285","22768154","43.5","43.9","41.6","42.2","-","0.5","42.1","2","42.2","2","9.15"
"4106  ","雃博  ","820100","446","24462969","29.55","30.55","28.3","28.8","-","0.5","28.8","6","29.3","18","11.25"
"4108  ","懷特  ","614000","297","25470700","42.5","42.5","39.6","40","-","1.9","39.95","8","40","7","0.00"
"4119  ","旭富  ","221000","149","15807700","74","74.4","68","68.6","-","4.4","68.6","2","69.5","1","13.12"
"4306  ","炎洲  ","2212186","713","45158785","21.25","21.25","19.4","19.4","-","1.45","19.4","45","19.9","1","12.6"
"4414  ","如興  ","246000","63","905700","3.76","3.8","3.55","3.63","-","0.13","3.56","3","3.63","2","0.00"
"4526  ","東台  ","523200","211","15617289","29.9","30.2","29.2","29.3","-","0.5","29.25","2","29.3","6","8.4"
"4532  ","瑞智  ","664566","168","6435860","9.8","9.9","9.5","9.51","-","0.08","9.51","6","9.61","1","10.01"
"4725  ","信昌化","242209","171","14824216","62.4","62.5","60.5","60.5","-","1","60.5","15","61","3","7.33"
"4904  ","遠傳  ","6276563","1931","308735487","48.5","50.1","47.6","49.3","-","0.5","49.3","184","49.6","5","14.42"
"4906  ","正文  ","4585264","2215","301249546","65.5","67.1","63","65.5","+","1","65.5","56","65.6","5","18.35"
"5203  ","訊連  ","152812","144","21444556","143","143","139","139","-","3","139","1","140","4","14.21"
"5305  ","敦南  ","1500664","312","25606253","17.4","17.45","16.6","16.9","-","0.4","16.8","7","16.9","12","6.95"
"5388  ","中磊  ","1106686","431","22316739","21","21.2","19.45","19.45","-","1.45","19.45","37","19.5","6","5.79"
"5434  ","崇越  ","687266","331","29652813","44.5","44.8","41.8","41.9","-","1.2","41.9","2","42","1","8.97"
"5469  ","瀚宇博","2610814","874","72879356","27.6","28.4","26.85","27.8","+","0.45","27.35","3","27.8","330","6.81"
"5471  ","松翰  ","4966030","2313","319417905","65","65.5","62.7","62.8","-","1.4","62.8","1","63","3","11.36"
"5484  ","慧友  ","788120","390","15458840","19.8","20.1","18.9","19.1","X","0","19.05","2","19.45","7","6.66"
"5515  ","建國  ","411400","221","7740639","19.2","19.4","18","18.2","-","0.9","18.2","15","18.55","3","9.84"
"5522  ","遠雄  ","1972323","1168","161606140","83.3","85","79","79.3","-","3","79.1","6","79.3","11","11.94"
"5525  ","順天  ","1275347","477","29073534","23.7","23.9","21.6","21.7","-","1.5","21.7","7","22","121","6.98"
"5531  ","鄉林  ","13936510","4430","600516320","42.45","44.9","42","42","-","3.15","--","0","42","2,006","8.37"
"5533  ","皇鼎  ","2876850","772","42305874","14.8","15.25","13.8","13.85","-","0.55","13.85","4","14.15","1","5.45"
"5534  ","長虹  ","1771010","877","117276146","66.6","68","64.1","64.1","-","1.5","64.1","20","64.5","72","9.7"
"5607  ","遠雄港","3764050","1918","121369400","33.2","33.8","30.9","30.9","-","2.3","--","0","30.9","80","46.82"
"5608  ","四維航","2588715","977","146748080","58","58","55.9","56.1","-","1.1","56.1","184","56.2","5","8.83"
"5854  ","合庫  ","43303011","7714","1085455207","25.9","26","24","24","-","1.6","24","549","24.05","3","11.32"
"6005  ","群益證","3516688","851","55302420","16.2","16.25","14.7","14.9","-","0.9","14.85","15","14.9","23","8.56"
"6012  ","金鼎證","4437355","1021","48071749","11.4","11.4","10.1","10.2","-","0.65","10.2","68","10.3","3","9.62"
"6112  ","聚碩  ","245000","96","4672350","19.5","19.75","18.5","18.6","-","0.55","18.5","13","18.6","32","8.38"
"6115  ","鎰勝  ","231691","104","9097444","39.5","39.7","38.8","39","-","0.4","39","8","39.35","9","8.86"
"6116  ","彩晶  ","35321827","5715","313376644","9.4","9.4","8.58","8.9","-","0.3","8.9","86","8.91","2","2.37"
"6117  ","迎廣  ","127000","32","1761850","14.3","14.4","13.6","14","-","0.2","13.65","8","14","3","23.33"
"6119  ","大傳  ","337002","115","3157448","9.65","9.65","9.25","9.38","-","0.2","9.27","11","9.38","6","8.38"
"6120  ","達運  ","1868533","795","19026773","10.55","10.6","9.85","9.85","-","0.7","9.83","3","9.9","10","0.00"
"6128  ","上福  ","109398","50","1836696","17.2","17.2","16.3","16.85","-","0.35","16.85","4","16.9","3","11.46"
"6131  ","悠克  ","277930","140","4889433","18.25","18.25","16.95","17.5","-","0.7","17.05","1","17.55","1","8.29"
"6133  ","金橋  ","162667","80","2307838","14.8","14.8","13.65","14.4","-","0.2","14.25","2","14.4","8","10.99"
"6136  ","富爾特","313035","128","6246533","20.4","20.4","19.3","19.4","-","0.75","19.35","3","19.4","43","6.74"
"6139  ","亞翔  ","541792","237","16882218","32.8","32.8","30.15","30.15","-","2.25","30.15","31","30.2","18","5.61"
"6141  ","柏承  ","433977","165","10596601","25","25.2","23.7","24","-","0.8","23.75","7","24","11","6.61"
"6142  ","友勁  ","628633","270","10186918","16.5","16.6","15.6","15.75","-","0.45","15.75","34","15.85","3","8.2"
"6145  ","勁永  ","2453351","725","24167390","10.3","10.45","9.39","9.52","-","0.53","9.52","1","9.55","5","0.00"
"6153  ","嘉聯益","1358002","320","11985946","9.2","9.2","8.47","8.47","-","0.63","8.47","17","8.48","44","28.23"
"6155  ","鈞寶  ","41009","29","1197061","29.3","29.75","29","29.5","+","0.4","29.5","11","29.6","4","10.65"
"6165  ","捷泰  ","422000","92","7273150","16.85","18.1","16.85","18.1"," ","0","17.7","2","18.1","38","0.00"
"6166  ","凌華  ","289000","133","8316550","29.1","29.2","28.15","28.4","-","0.5","28.3","2","28.4","3","8.53"
"6168  ","宏齊  ","5351360","2296","162692306","30.9","31.15","29.15","29.6","-","0.2","29.55","4","29.6","4","13.52"
"6172  ","互億  ","285262","74","1170148","4.22","4.33","3.95","4.01","-","0.21","4.01","44","4.15","2","0.00"
"6176  ","瑞儀  ","5004200","1729","159699214","32.9","33","31","31.6","-","1.2","31.5","14","31.6","53","6.16"
"6184  ","大豐電","61040","39","2684560","44.35","44.35","43.5","43.6","-","0.75","43.6","4","43.8","1","11.75"
"6189  ","豐藝  ","374751","182","8632896","23.5","23.6","22.5","22.7","-","0.6","22.6","2","22.7","10","7.03"
"6191  ","精成科","337900","190","9450559","28.8","28.95","27","27","-","1.4","26.95","2","27","10","6.25"
"6192  ","巨路  ","500009","250","27792697","57.9","58.5","53.1","54","-","3","53.3","1","54","6","10"
"6196  ","帆宣  ","683150","236","11162685","16.7","16.75","15.7","16","-","0.6","15.95","1","16","13","11.27"
"6197  ","佳必琪","7127348","4252","573556831","79.5","81.7","79","80.1","+","2.1","80","34","80.1","6","25.67"
"6201  ","亞弘電","141130","77","3227864","23.8","23.8","22.5","22.6","-","0.95","22.55","1","22.9","4","6.57"
"6202  ","盛群  ","2529935","1348","92066600","36.7","37.1","35.1","35.3","-","0.85","35.3","4","35.35","4","9.49"
"6205  ","詮欣  ","287500","167","9693300","33.8","34.9","32.2","32.2","-","0.85","32.2","6","32.3","1","6.3"
"6206  ","飛捷  ","652950","389","46697445","73.5","74.5","69","71.5","-","1.8","71.5","16","71.7","1","9.21"
"6209  ","今國光","490110","190","9725627","20.9","21.2","19.45","20.6","-","0.3","20.2","1","20.6","19","13.04"
"6213  ","聯茂  ","1124024","524","31945509","29.5","29.5","27.6","27.65","-","1.45","27.65","1","27.8","5","6.9"
"6215  ","和椿  ","55429","24","954934","17.75","17.75","16.75","16.75","-","1.25","16.75","7","17.05","2","9.8"
"6216  ","居易  ","350300","194","6703568","20.1","20.2","18.55","18.55","-","1.35","--","0","18.55","99","6.58"
"6225  ","天瀚  ","519854","100","6583436","13.5","13.5","12.3","12.7","-","0.45","12.5","6","12.7","1","16.28"
"6235  ","華孚  ","3826050","764","33593599","9.05","9.14","8.4","8.4","-","0.62","8.4","121","8.45","10","0.00"
"6239  ","力成  ","2454761","1098","256779122","106.5","106.5","102","102.5","-","2.5","102","42","102.5","18","9.08"
"6255  ","奈普  ","3470794","1002","53463460","16.2","16.3","15","15","-","1.1","--","0","15","1,443","14.42"
"6257  ","矽格  ","1553428","498","23353395","15.2","15.3","14.6","14.7","-","0.3","14.65","15","14.7","2","6.93"
"6269  ","台郡  ","658000","170","10622950","16.3","16.65","16","16.35","+","0.1","16.35","1","16.4","11","30.85"
"6271  ","同欣電","443200","178","33166000","75","75.8","73.5","75","-","0.3","74.5","2","75","1","14.68"
"6277  ","宏正  ","248100","152","15039360","62.1","62.2","60","60","-","1.3","59.8","2","60","24","11.47"
"6281  ","全國電","174000","96","7025050","41.7","41.7","39.5","39.6","-","1.9","39.6","2","40.1","3","9.3"
"6282  ","康舒  ","926028","290","11815544","13.4","13.4","12.4","12.45","-","0.55","12.4","100","12.45","1","8.36"
"6283  ","淳安  ","669309","160","11375659","17.8","17.8","16.5","16.8","-","0.85","16.6","5","16.8","19","6.72"
"6285  ","啟碁  ","4014038","1854","212572393","52.7","54.4","51.8","52.5","+","1.1","52.5","13","52.6","3","10.25"
"6286  ","立錡  ","4623314","3228","1283379292","274.5","282.5","272","280","+","8","278","2","280","25","19.68"
"6289  ","華上  ","9331350","1959","102575181","10.95","11.6","10.95","10.95","-","0.8","10.95","154","11","17","0.00"
"6505  ","台塑化","10188081","2653","743917342","74.8","75.1","71.6","73.5","-","1","73.5","753","73.6","2","10.14"
"6605  ","帝寶  ","166000","140","12436500","74.9","75.2","74.7","74.9","+","0.2","74.7","11","74.9","1","8.06"
"8008  ","建興電","6353408","1763","137846238","22.3","22.5","20.9","22.5","+","0.9","22","20","22.5","9","9.57"
"8016  ","矽創  ","1212683","694","86044757","71.9","72.9","68.5","69","-","1.9","69","5","69.2","1","9.62"
"8021  ","尖點  ","496672","249","18801294","39.3","39.3","36.5","36.9","-","1.95","36.9","8","37","2","7.35"
"8033  ","雷虎  ","290350","113","4871323","16.85","17","16.5","16.7","-","0.15","16.55","1","16.7","30","12.65"
"8046  ","南電  ","2768762","1589","381578394","136","142","134","138","+","4","137","9","138","15","10.72"
"8070  ","長華  ","187010","144","14060998","76.2","76.2","73","73","-","2.1","73","3","73.5","3","9"
"8072  ","陞泰  ","250323","200","35134928","142","142.5","137","137","-","5","137","4","138","1","11.73"
"8078  ","華寶  ","4866080","2446","159466340","32.9","33.8","31.4","33.2","+","1.3","33.05","6","33.2","2","6.08"
"8101  ","華冠  ","2213250","699","28308937","13","13.4","12.1","12.25","-","0.45","12.25","77","12.5","73","0.00"
"8105  ","凌巨  ","4694421","1817","124124938","27.55","27.6","25.4","25.5","-","1.8","25.5","39","25.55","1","8.17"
"8110  ","華東  ","738451","225","6340143","9.09","9.09","8.3","8.33","-","0.47","8.31","6","8.33","35","5.11"
"8112  ","至上  ","1196885","346","10374585","8.75","8.82","8.5","8.6"," ","0","8.59","10","8.6","27","14.58"
"8131  ","福懋科","559023","303","21606315","39.5","39.6","37.2","37.3","-","1.5","37.25","9","37.3","3","9.92"
"8163  ","達方  ","1377669","765","74887186","58.4","58.4","53.2","53.2","-","3.9","--","0","53.2","120","8.2"
"8201  ","無敵  ","179394","123","6500703","37.2","37.35","34.4","35.55","-","1.25","34.65","2","35.55","2","9.53"
"8249  ","菱光  ","485119","220","9133851","19.2","19.2","18.3","18.4","-","0.6","18.4","3","18.55","4","6.26"
"8926  ","台汽電","2880239","1032","41346760","14.95","14.95","14","14","-","0.7","14","376","14.1","3","17.72"
"9102  ","東亞科","249000","46","685640","2.8","2.82","2.66","2.69","-","0.16","2.69","4","2.7","9","0.00"
"9103  ","美德醫","1050000","287","6146430","6.12","6.12","5.63","5.63","-","0.42","5.63","64","5.67","3","0.00"
"9104  ","萬宇科","0","0","0","--","--","--","--"," ","0","--","0","25.25","1","0.00"
"9105  ","泰金寶","11718000","1786","68825790","6.16","6.17","5.64","5.75","-","0.31","5.7","60","5.75","35","0.00"
"9902  ","台火  ","369000","172","3895400","10.85","11.25","10.05","10.2","-","0.55","10.1","10","10.2","8","0.00"
"9904  ","寶成  ","9393737","2902","246278494","27.05","27.05","25.5","25.6","-","1.1","25.6","9","25.65","6","9.24"
"9905  ","大華  ","599419","184","8751399","14.85","15","14.3","14.35","-","0.4","14.35","35","14.4","3","12.93"
"9906  ","欣巴巴","2035","2","2787","1.37","1.37","1.37","1.37","-","0.1","--","0","1.37","47","0.34"
"9907  ","統一實","8880093","2352","118338509","14","14.05","12.85","12.85","-","0.95","--","0","12.85","1,322","12.85"
"9908  ","大台北","541818","396","9435704","17.6","17.7","16.85","16.95","-","0.55","16.9","5","16.95","24","18.83"
"9910  ","豐泰  ","455786","255","8874027","20","20","19.2","19.3","-","0.3","19.25","11","19.3","8","7.39"
"9911  ","櫻花  ","2407433","603","27109668","11.7","11.8","10.9","10.9","-","0.8","10.9","118","10.95","4","9.65"
"9912  ","偉聯  ","415047","40","4728871","11.5","11.7","11.1","11.3","-","0.2","11.2","3","11.3","2","8.19"
"9914  ","美利達","1509993","797","106179713","71.6","71.6","69.3","69.4","-","2.3","69.4","5","69.5","2","11.47"
"9917  ","中保  ","620274","283","31097330","50.9","50.9","49","49","-","1.7","49","63","49.5","4","11.78"
"9918  ","欣天然","100210","51","2409561","24.35","24.85","23.35","24.85","+","0.5","24.05","2","24.85","1","18.14"
"9919  ","康那香","1041258","269","16449153","16.1","16.1","15.3","16.1"," ","0","16","21","16.1","23","17.31"
"9921  ","巨大  ","1149802","678","105376484","93.4","93.9","90.3","92.6","-","0.4","91.5","20","92.6","1","14.84"
"9922  ","優美  ","0","0","0","--","--","--","--"," ","0","--","","--","","0.00"
"9924  ","福興  ","268038","88","3674632","14.2","14.2","13.6","13.6","-","0.5","13.6","78","13.8","3","17.22"
"9925  ","新保  ","302270","167","8734337","29.6","29.6","28.05","28.05","-","1.25","28","8","28.4","4","10.55"
"9926  ","新海  ","52672","33","1071990","20.3","20.8","20.2","20.3","-","0.2","20.25","1","20.4","5","11.94"
"9927  ","泰銘  ","905150","552","36761563","41.5","41.55","39.8","40.15","-","1.2","40.1","1","40.2","4","5.31"
"9928  ","中視  ","375200","132","3349040","9.12","9.2","8.52","8.57","-","0.35","8.57","17","8.74","5","0.00"
"9929  ","秋雨  ","1260002","144","3796476","2.98","3.16","2.98","3.16","+","0.2","3.09","30","3.16","33","0.00"
"9930  ","中聯資","1467144","541","76155583","53.4","53.4","50.9","50.9","-","1.9","50.9","19","51","17","11.65"
"9931  ","欣高  ","52608","21","857756","16.25","16.5","16.2","16.3","+","0.1","16.2","6","16.45","3","17.53"
"9933  ","中鼎  ","2122952","865","45752922","21.3","22","21.2","21.4","+","0.3","21.4","38","21.45","1","9.3"
"9934  ","成霖  ","622744","189","15509519","25.15","26","24.5","26","+","0.85","24.7","1","26","6","9.25"
"9935  ","慶豐富","1711000","225","34801400","20.25","20.7","20.2","20.4","+","0.15","20.4","42","20.5","22","70.34"
"9937  ","全國  ","841001","227","20335674","24.5","24.5","23.75","24","-","0.5","23.8","11","24","14","14.37"
"9938  ","百和  ","1462615","645","32786202","23.45","23.45","21.2","21.3","-","1.3","21.3","4","21.35","28","8.88"
"9939  ","宏全  ","1526413","863","53456742","35.5","35.8","34","34","-","1","33.9","7","34","210","16.43"
"9940  ","信義  ","204223","145","15522047","77.5","77.7","75.2","77.7","+","1.6","75.4","23","77.8","1","15.15"
"9941  ","裕融  ","212918","76","4656986","22.2","22.2","21.6","21.7","-","0.4","21.5","3","21.6","5","10.38"
"9942  ","茂順  ","98176","62","3153802","32.45","32.5","31.7","31.7","-","0.7","31.5","1","31.7","1","8.11"
"9943  ","好樂迪","119356","42","2361998","20","20","19.55","19.65","-","0.35","19.6","1","19.65","1","16.79"
"9944  ","新麗  ","744098","211","20687596","28","28.05","27","27.2","+","0.2","27","7","27.2","4","2.52"
"9945  ","潤泰新","5298338","1716","142365926","27.5","27.6","25.85","26.9","-","0.35","26.2","10","26.9","5","17.93"
"9955  ","佳龍  ","351700","265","21081000","61.6","62","59","59","-","2.6","59","15","59.2","2","17.51"
"9958  ","世紀鋼","482000","152","5186550","11.2","11.25","10.45","10.45","-","0.75","--","0","10.45","92","8.93"
    
"說明："
"1. 漲跌(+/-)欄位符號說明:+/-/X表示漲/跌/不比價。"
"2. 當證券代號為認購(售)權證及認股權憑證時本益比欄位置為結算價；但如為以外國證券或指數為標的之認購(售)權證及履約方式採歐式者，該欄位為空白。"
"3. 除境外指數股票型基金及外國股票第二上市外，餘交易單位皆為千股。"
"4. 本統計資訊含一般、零股、盤後定價、鉅額交易，不含拍賣、標購。"

