

2009年09月28日大盤統計資訊
"指數","收盤指數","漲跌(+/-)","漲跌點數","漲跌百分比(%)"
發行量加權股價指數,7284.61,-,60.61,-0.83
臺灣50指數,5055.24,-,47.11,-0.92
臺灣中型100指數,6409.48,-,71.54,-1.1
臺灣資訊科技指數,6182.06,-,104.1,-1.66
臺灣發達指數,6102.23,-,16.49,-0.27
臺灣高股息指數,5145.67,-,68.99,-1.32
未含金融保險股指數,6133.82,-,51.19,-0.83
未含電子股指數,10157.52,-,37.72,-0.37
未含金融電子股指數,8626.57,-,15.41,-0.18
水泥窯製類指數,468.59,-,2.84,-0.6
塑膠化工類指數,623.2,-,1.12,-0.18
機電類指數,1646.49,-,20.01,-1.2
水泥類指數,116.16,-,0.3,-0.26
食品類指數,660.8,-,0.96,-0.15
塑膠類指數,175.72,+,0.27,0.15
紡織纖維類指數,349.69,-,0.29,-0.08
電機機械類指數,70.8,-,0.78,-1.09
電器電纜類指數,44.49,-,0.55,-1.22
化學生技醫療類指數,100.23,-,0.33,-0.33
化學類指數,102.45,-,0.36,-0.35
生技醫療類指數,72.06,-,0.22,-0.3
玻璃陶瓷類指數,53.39,-,1.11,-2.04
造紙類指數,173,-,1.75,-1
鋼鐵類指數,103.74,-,0.49,-0.47
橡膠類指數,202.06,-,3.71,-1.8
汽車類指數,111.3,+,0.6,0.54
電子類指數,295.31,-,3.59,-1.2
半導體類指數,76.41,-,0.71,-0.92
電腦及週邊設備類指數,89.38,-,2.67,-2.9
光電類指數,59.24,-,0.91,-1.51
通信網路類指數,101.76,-,0.2,-0.2
電子零組件類指數,70.48,-,1.21,-1.69
電子通路類指數,106.59,-,0.39,-0.36
資訊服務類指數,79.88,-,1.54,-1.89
其他電子類指數,66.21,-,0.4,-0.6
建材營造類指數,277.67,-,6.37,-2.24
航運類指數,82.63,-,0.17,-0.21
觀光類指數,118.69,-,1.19,-0.99
金融保險類指數,855.75,-,6.98,-0.81
貿易百貨類指數,123.75,-,1.81,-1.44
油電燃氣類指數,104.86,+,2.12,2.06
其他類指數,121.9,-,1.78,-1.44
"報酬指數","收盤指數","漲跌(+/-)","漲跌點數","漲跌百分比(%)"
發行量加權股價報酬指數,9343.86,-,77.74,-0.83
未含金融電子股報酬指數,11143.57,-,19.91,-0.18
水泥類報酬指數,120.62,-,0.31,-0.26
食品類報酬指數,672.01,-,0.98,-0.15
塑膠類報酬指數,179.51,+,0.28,0.16
紡織纖維類報酬指數,357.68,-,0.3,-0.08
電機機械類報酬指數,72.88,-,0.79,-1.07
電器電纜類報酬指數,44.76,-,0.56,-1.24
化學生技醫療類報酬指數,103.1,-,0.35,-0.34
化學類報酬指數,105.54,-,0.36,-0.34
生技醫療類報酬指數,73.78,-,0.23,-0.31
玻璃陶瓷類報酬指數,53.8,-,1.12,-2.04
造紙類報酬指數,173.25,-,1.75,-1
鋼鐵類報酬指數,107.55,-,0.51,-0.47
橡膠類報酬指數,206.59,-,3.79,-1.8
汽車類報酬指數,112.34,+,0.61,0.55
電子類報酬指數,342.65,-,4.17,-1.2
半導體類報酬指數,85.46,-,0.79,-0.92
電腦及週邊設備類報酬指數,101.21,-,3.03,-2.91
光電類報酬指數,63.15,-,0.97,-1.51
通信網路類報酬指數,120.84,-,0.24,-0.2
電子零組件類報酬指數,80.28,-,1.38,-1.69
電子通路類報酬指數,119.68,-,0.43,-0.36
資訊服務類報酬指數,93.13,-,1.8,-1.9
其他電子類報酬指數,69.95,-,0.43,-0.61
建材營造類報酬指數,284.95,-,6.53,-2.24
航運類報酬指數,85.24,-,0.18,-0.21
觀光類報酬指數,120.61,-,1.21,-0.99
金融保險類報酬指數,945.27,-,7.71,-0.81
貿易百貨類報酬指數,125.6,-,1.84,-1.44
油電燃氣類報酬指數,106.64,+,2.16,2.07
其他類報酬指數,126.27,-,1.84,-1.44
"成交統計","成交金額(元)","成交股數(股)","成交筆數"
"1.一般股票","76643325143","2448218693","700899"
"2.台灣存託憑證","181860307","12636302","3215"
"3.受益憑證","188370","27000","10"
"4.ETF","355293867","10906067","2768"
"5.受益證券","14150520","1424000","210"
"6.變更交易股票","70748856","5420555","1143"
"7.認購(售)權證","298708060","289813000","12507"
"8.轉換公司債","0","0","0"
"9.附認股權特別股","0","0","0"
"10.附認股權公司債","0","0","0"
"11.認股權憑證","0","0","0"
"12.公司債","0","0","0"
"證券合計(1+6)","76714073999","2453639248","702042"
"總計(1~12)","77564275123","2768445617","720752"
"漲跌證券數合計"
"類型","整體市場(元)","股票"
"上漲(漲停)",0(0),0(0)
"下跌(跌停)",0(0),0(0)
"持平",0,0
"未成交",0,0
"無比價",0,0
"說明："
"1. 漲跌價差為當日收盤價與前一日收盤價比較。"
"2. 無比價含當日除權、除息、新上市、恢復交易者。"
2009年09月28日
"每日收盤行情("全部(不含權證、牛熊證)")","","","","","","","","","","(元,股)","(元,交易單位)"
"證券代號","證券名稱","成交股數","成交筆數","成交金額","開盤價","最高價","最低價","收盤價","漲跌(+/-)","漲跌價差","最後揭示買價","最後揭示買量","最後揭示賣價","最後揭示賣量","本益比"
="0015  ","富邦  ","27000","10","188370","7.03","7.03","6.94","6.94","-","0.09","6.94","1","6.99","5","0.00"
="0050  ","台灣50","4004217","1246","207139634","52.1","52.2","51.45","51.8","-","0.55","51.8","3","51.85","264","0.00"
="0051  ","中100 ","223210","104","6174096","27.89","28","27.5","27.6","-","1.44","27.6","1","27.62","4","0.00"
="0052  ","FB科技","31000","3","983900","32.3","32.3","31.72","31.72","-","0.58","31.73","1","32.06","1","0.00"
="0053  ","寶電子","55010","32","1314877","23.99","24.09","23.8","23.82","-","0.24","23.8","178","23.93","10","0.00"
="0054  ","台商50","29010","25","554623","19.4","19.4","19.07","19.15","-","0.25","19.15","1","19.24","1","0.00"
="0055  ","寶金融","1846320","303","22699303","12.45","12.45","12.2","12.25","-","0.09","12.25","75","12.3","26","0.00"
="0056  ","高股息","50000","21","1126110","22.5","22.6","22.42","22.45","-","0.17","22.42","1","22.45","2","0.00"
="0057  ","FB摩台","663000","67","18271760","27.5","27.8","27.3","27.52","-","0.28","27.52","15","27.66","25","0.00"
="0058  ","FB發達","11000","3","315310","28.55","28.7","28.46","28.46","-","0.07","28.51","50","28.9","1","0.00"
="0059  ","FB金融","14000","4","357010","25.51","25.51","25.5","25.5","+","0.06","25.45","2","25.49","5","0.00"
="0060  ","新台灣","0","0","0","--","--","--","--"," ","0","24.33","121","24.58","2","0.00"
="0061  ","寶滬深","3937100","833","71328244","18","18.25","18","18.13","-","0.05","18.12","16","18.14","4","0.00"
="0080  ","恒中國","31800","108","15919950","507","507","497.5","498","-","9.05","497.6","1","498","1","0.00"
="0081  ","恒香港","10400","19","9109050","891","891","870","878.5","-","10.1","875.1","1","878.5","9","0.00"
="01001T","富邦R1","105000","14","1134070","10.83","10.83","10.78","10.8","+","0.04","10.78","2","10.8","14","0.00"
="01002T","國泰R1","337000","79","3538250","10.49","10.5","10.47","10.5","+","0.01","10.47","195","10.5","118","0.00"
="01003T","新光R1","73000","11","685800","9.39","9.4","9.38","9.39","+","0.02","9.39","10","9.4","50","0.00"
="01004T","富邦R2","70000","11","722560","10.32","10.33","10.32","10.33","+","0.01","10.32","40","10.34","2","0.00"
="01005T","三鼎  ","113000","25","825060","7.32","7.32","7.29","7.3","-","0.02","7.29","12","7.3","48","0.00"
="01007T","國泰R2","693000","65","6998090","10.1","10.1","10.07","10.1"," ","0","10.08","15","10.1","84","0.00"
="01008T","駿馬R1","33000","5","246690","7.49","7.5","7.46","7.5","+","0.05","7.46","15","7.5","36","0.00"
"1101  ","台泥  ","8443597","2523","299643844","35.2","35.75","35.15","35.2","-","0.3","35.2","74","35.25","40","26.67"
"1102  ","亞泥  ","5212329","1692","181471885","34.7","35.05","34.5","35","+","0.25","35","226","35.05","36","15.63"
"1103  ","嘉泥  ","869454","284","14180575","16.45","16.5","16.2","16.25","-","0.25","16.25","42","16.3","4","60.19"
"1104  ","環泥  ","512247","183","7973698","15.5","15.9","15.4","15.5","-","0.05","15.5","18","15.55","12","110.71"
"1108  ","幸福  ","498763","192","4123305","8.35","8.36","8.2","8.26","-","0.09","8.25","8","8.26","8","0.00"
"1109  ","信大  ","243000","80","2438230","10","10.2","9.99","10.05","-","0.05","10.05","6","10.15","7","29.56"
"1110  ","東泥  ","645009","168","7390852","11.6","11.6","11.4","11.4","-","0.25","11.4","117","11.45","3","0.00"
"1201  ","味全  ","5094609","1792","210583226","42.3","42.4","40.8","40.9","-","1.15","40.85","16","40.9","8","35.57"
"1203  ","味王  ","2151436","945","55298801","26","26","25.5","25.8","+","0.8","25.75","5","25.8","148","5.32"
"1210  ","大成  ","4368669","1360","147517904","34.15","34.15","33.55","33.8","-","0.4","33.8","8","33.85","12","15.58"
"1213  ","大飲  ","24000","12","208970","8.7","8.72","8.7","8.72","+","0.02","8.63","1","8.72","2","0.00"
"1215  ","卜蜂  ","1352588","379","21700348","16.05","16.25","15.95","16","-","0.05","15.95","194","16","50","18.6"
"1216  ","統一  ","5634154","1884","205671698","36.55","36.8","36.3","36.6","+","0.1","36.55","47","36.6","36","24.9"
"1217  ","愛之味","3412435","1001","43231450","12.8","12.9","12.55","12.65","-","0.25","12.65","122","12.7","64","45.18"
"1218  ","泰山  ","685803","221","7752928","11.4","11.45","11.25","11.25","-","0.05","11.25","44","11.3","40","0.00"
"1219  ","福壽  ","1760689","361","20547040","11.7","11.8","11.5","11.65","+","0.15","11.6","20","11.65","41","1165"
"1220  ","台榮  ","126000","44","895470","7.05","7.15","7.02","7.14","+","0.13","7.08","1","7.15","1","0.00"
"1225  ","福懋油","567020","166","6291624","11.15","11.2","11","11.1","-","0.05","11","136","11.1","15","0.00"
"1227  ","佳格  ","2273711","813","77455552","34","34.7","33.7","33.9","-","0.1","33.9","20","33.95","6","15.07"
"1229  ","聯華  ","641769","257","9375766","14.6","14.7","14.55","14.6","-","0.15","14.55","76","14.6","25","104.29"
"1231  ","聯華食","153028","46","1852692","12.2","12.2","12.1","12.15"," ","0","12.1","12","12.15","2","15"
"1232  ","大統益","187910","106","6967471","37","37.2","36.9","37.05","+","0.05","37.05","4","37.1","2","10.93"
"1233  ","天仁  ","23371","12","753625","32.5","32.55","32.15","32.55","-","0.05","32.2","5","32.6","6","21"
"1234  ","黑松  ","982050","207","16490486","16.8","16.9","16.75","16.75","-","0.2","16.75","7","16.8","3","38.07"
"1235  ","興泰  ","78048","6","2690341","34.5","34.5","34.1","34.4","-","0.1","34.05","3","34.5","1","0.00"
"1236  ","宏亞  ","19722","21","321315","16.3","16.35","16.25","16.3","+","0.2","16.2","1","16.35","16","10.19"
"1301  ","台塑  ","4734930","1774","302762520","64.2","64.5","63.5","64"," ","0","63.9","70","64","32","38.79"
"1303  ","南亞  ","3868657","1474","191655144","49.25","49.8","49.2","49.7","+","0.15","49.65","57","49.7","43","0.00"
"1304  ","台聚  ","1654288","481","25244224","15.35","15.4","15.15","15.3","-","0.05","15.3","69","15.35","43","765"
"1305  ","華夏  ","1198009","289","13800703","11.7","11.7","11.4","11.4","-","0.25","11.4","98","11.45","3","0.00"
"1307  ","三芳  ","475156","131","13953398","29.5","29.75","29","29.6","+","0.1","29.6","3","29.65","4","10.21"
"1308  ","亞聚  ","1201355","564","27914135","23.5","23.5","23.1","23.2","-","0.4","23.2","46","23.25","5","20.71"
"1309  ","台達化","1667224","369","20531881","12.6","12.6","12.2","12.25","-","0.35","12.25","177","12.3","15","0.00"
"1310  ","台苯  ","2033632","540","26584216","13.2","13.25","12.95","13","-","0.15","13","14","13.05","23","0.00"
"1312  ","國喬  ","8874592","1672","117452125","13.4","13.45","13.15","13.15","-","0.3","13.15","817","13.25","162","0.00"
"1312A ","國喬特","15000","5","240000","16","16","16","16","-","0.2","15.85","4","16","18","0.00"
"1313  ","聯成  ","2402445","682","34858521","14.75","14.8","14.4","14.45","-","0.35","14.45","246","14.5","12","0.00"
"1314  ","中石化","6826246","1251","70766899","10.5","10.55","10.3","10.3","-","0.2","10.3","1,593","10.35","62","0.00"
"1315  ","達新  ","60005","28","1299260","21.5","21.85","21.5","21.85"," ","0","21.65","20","21.85","3","13.74"
"1316  ","上曜  ","220500","61","1720230","7.92","8","7.52","8","-","0.04","7.71","10","8","2","0.00"
"1319  ","東陽  ","1716951","726","72283748","43.1","43.3","41.65","41.85","-","1.45","41.85","5","41.9","18","25.83"
"1321  ","大洋  ","584110","216","14121329","24.6","24.65","24","24.05","-","0.6","24.05","6","24.3","30","0.00"
"1323  ","永裕  ","2506732","780","42030627","16.5","17.25","16.2","16.6","+","0.45","16.55","24","16.6","17","22.43"
"1324  ","地球  ","980000","350","14252300","14","14.7","14","14.6","+","0.85","14.6","8","--","0","23.55"
"1325  ","恆大  ","705819","343","19703660","28.3","28.3","27.65","28","-","0.6","28","12","28.05","5","18.54"
"1326  ","台化  ","2038631","822","122479863","59.8","60.5","59.7","60.5","+","0.5","60.5","168","60.6","24","2016.67"
"1402  ","遠東新","2617363","1358","95319708","36.2","36.7","36.1","36.7","+","0.2","36.6","18","36.7","139","43.18"
"1409  ","新纖  ","2210549","552","18483571","8.44","8.49","8.28","8.28","-","0.12","8.28","13","8.3","57","59.14"
"1410  ","南染  ","238322","96","3459940","14.9","14.9","14.2","14.2","-","0.25","14.2","7","14.45","4","0.00"
"1413  ","宏洲  ","314170","46","745695","2.39","2.4","2.36","2.37","-","0.02","2.36","14","2.37","10","0.00"
"1414  ","東和  ","474683","134","2300278","4.95","4.95","4.75","4.75","-","0.13","4.73","5","4.75","1","0.00"
"1416  ","廣豐  ","6669482","1200","51816861","7.9","7.9","7.66","7.7","+","0.15","7.68","22","7.7","16","0.00"
"1417  ","嘉裕  ","1332496","317","8568071","6.5","6.5","6.37","6.4","-","0.05","6.39","12","6.43","11","0.00"
"1418  ","東華  ","591500","157","5165673","8.95","8.95","8.6","8.65","-","0.3","8.65","30","8.74","2","0.00"
"1419  ","新紡  ","1469105","577","50588233","35","35","34.1","34.3","-","0.75","34.3","54","34.35","1","98"
"1423  ","利華  ","544150","90","3511792","6.47","6.54","6.41","6.42","-","0.04","6.42","35","6.47","7","0.00"
"1432  ","大魯閣","0","0","0","--","--","--","--"," ","0","6.45","6","6.95","2","0.00"
"1434  ","福懋  ","864187","301","18179827","21","21.15","21","21.15","+","0.1","21.1","1","21.15","26","0.00"
"1435  ","中福  ","252414","52","871940","3.48","3.48","3.45","3.48","+","0.03","3.45","18","3.48","56","0.00"
"1436  ","華友聯","28300","15","228947","8.12","8.15","8.02","8.15","+","0.1","8.1","25","8.14","5","0.00"
"1437  ","勤益控","1130644","413","22722663","20","20.6","19.85","20","-","0.6","20","170","20.2","11","0.00"
"1438  ","裕豐  ","1000","1","1190","1.19","1.19","1.19","1.19","X","0","1.19","1","--","0","0.00"
"1439  ","中和  ","305400","75","5251389","17.4","17.45","17","17.1","-","0.4","17.1","12","17.2","11","65.77"
"1440  ","南紡  ","2896104","672","34288163","11.95","12","11.8","11.8","-","0.2","11.75","117","11.8","23","0.00"
"1441  ","大東  ","1614084","347","13378304","7.98","8.34","7.95","8.34","+","0.54","8.34","85","--","0","0.00"
"1442  ","名軒  ","495500","156","7831023","16.05","16.2","15.65","16","-","0.05","16","22","16.05","27","9.47"
"1443  ","立益  ","348000","66","863960","2.49","2.52","2.44","2.49"," ","0","2.48","10","2.5","3","0.00"
"1444  ","力麗  ","1613202","240","10008288","6.27","6.29","6.15","6.18","-","0.14","6.18","20","6.19","9","0.00"
"1445  ","大宇  ","48874","15","318893","6.56","6.6","6.47","6.47","-","0.12","6.47","2","6.58","6","35.94"
"1446  ","宏和  ","42071","16","328936","7.85","8.01","7.8","7.8","-","0.13","7.73","1","7.8","6","41.05"
"1447  ","力鵬  ","1761120","257","17815550","10.3","10.3","10.05","10.1","-","0.2","10.05","106","10.1","82","0.00"
"1449  ","佳和  ","2261595","852","4231145","1.95","1.95","1.84","1.84","-","0.13","1.84","29","1.85","11","0.00"
"1451  ","年興  ","762306","229","12422584","16.4","16.4","16.2","16.3","-","0.1","16.3","32","16.35","2","33.96"
"1452  ","宏益  ","99473","38","698112","6.91","7.12","6.91","6.97","-","0.13","6.97","3","7","1","0.00"
"1453  ","大將  ","114741","39","1043031","9.2","9.35","8.9","9.33","-","0.07","9","11","9.35","8","0.00"
"1454  ","台富  ","37181","14","227665","6.29","6.29","6.1","6.11","-","0.18","6.09","1","6.11","4","0.00"
"1455  ","集盛  ","2781601","599","25396210","9.12","9.21","9.06","9.08","-","0.04","9.08","1","9.1","20","0.00"
"1456  ","怡華  ","20000","3","26200","1.31","1.31","1.31","1.31","-","0.05","1.31","42","1.37","2","0.00"
"1457  ","宜進  ","264823","67","1330895","5.03","5.06","4.98","5.05","-","0.02","4.98","2","5.05","6","0.00"
"1459  ","聯發  ","357382","79","2908365","8.07","8.22","8","8.19","+","0.12","8.15","1","8.19","3","0.00"
"1460  ","宏遠  ","122415","42","743124","6.12","6.14","6.03","6.12"," ","0","6.08","17","6.12","18","0.00"
"1463  ","強盛  ","5000","5","27520","5.4","5.54","5.4","5.52","+","0.09","5.44","6","5.51","2","0.00"
"1464  ","得力  ","133400","42","766449","5.85","5.85","5.67","5.68","-","0.14","5.68","6","5.78","3","0.00"
"1465  ","偉全  ","35000","9","357550","10.1","10.35","10.05","10.3","+","0.25","10.15","1","10.3","2","18.07"
"1466  ","聚隆  ","191274","49","1171265","6.3","6.3","6","6.1","+","0.07","6.05","2","6.08","2","0.00"
"1467  ","南緯  ","943000","200","7402530","7.97","7.99","7.72","7.75","-","0.04","7.75","9","7.78","5","0.00"
"1468  ","昶和  ","78000","17","848400","10.9","11","10.8","10.85","-","0.05","10.8","5","10.85","2","0.00"
"1469  ","理隆  ","3000","2","24630","8.19","8.25","8.19","8.25","X","0","8.25","1","8.48","1","0.00"
"1470  ","大統染","3390","3","24450","7.26","7.26","7.2","7.2","+","0.09","7.11","1","7.22","1","10.59"
"1471  ","首利  ","1918269","827","45431943","23.5","24.2","23.35","23.4","-","0.4","23.4","39","23.7","3","0.00"
"1472  ","三洋紡","212000","43","858860","4.15","4.15","3.99","4.05","-","0.03","4.05","3","4.06","4","0.00"
"1473  ","台南  ","241692","144","5669678","23.6","23.65","23.3","23.6","-","0.1","23.55","8","23.6","1","17.23"
"1474  ","弘裕  ","224070","38","1340263","6","6.05","5.96","5.96","-","0.09","5.96","4","5.99","30","54.18"
"1475  ","本盟  ","0","0","0","--","--","--","--"," ","0","9","2","9.25","3","0.00"
"1476  ","儒鴻  ","3367549","830","62957403","18.9","18.9","18.5","18.6","+","0.1","18.55","12","18.6","12","8.86"
"1477  ","聚陽  ","577100","310","33807668","59","59.3","58.2","58.2","-","1.2","58.2","13","58.3","9","19.86"
"1503  ","士電  ","3420160","1577","141076480","41.2","41.55","41","41.05","+","0.35","41.05","13","41.1","17","6.79"
"1504  ","東元  ","5250824","1404","73115679","14.2","14.2","13.8","13.8","-","0.4","13.8","111","13.85","16","19.44"
"1506  ","正道  ","72000","29","1033300","14.15","14.4","14.15","14.4","-","0.05","14.4","41","14.55","1","0.00"
"1507  ","永大  ","464752","175","10062416","21.75","21.75","21.5","21.65","-","0.1","21.6","101","21.65","15","11.83"
"1512  ","瑞利  ","14887","9","122753","8.31","8.31","8.21","8.21","-","0.12","8.2","4","8.3","5","0.00"
"1513  ","中興電","876743","324","14869276","17.1","17.15","16.85","16.9","-","0.2","16.9","54","16.95","2","15.79"
"1514  ","亞力  ","171778","32","1187870","6.82","6.97","6.82","6.95","+","0.01","6.87","35","6.95","8","0.00"
"1515  ","力山  ","406453","92","3329170","8.16","8.28","8.03","8.27","+","0.11","8.26","2","8.27","10","0.00"
"1516  ","川飛  ","1144261","262","13865147","12.15","12.3","12","12.25","+","0.15","12.2","63","12.25","29","9.21"
"1517  ","利奇  ","498603","161","5024858","10.15","10.2","10","10","-","0.15","10","164","10.05","1","10.75"
"1519  ","華城  ","1205715","514","34408743","28.75","29","28.35","28.4","-","0.65","28.4","210","28.45","5","14.2"
"1521  ","大億  ","150101","60","3577943","23.75","24","23.65","23.7","-","0.05","23.7","1","23.8","1","19.43"
"1522  ","堤維西","327557","172","6591340","20.25","20.35","20.05","20.05","-","0.2","20","70","20.15","16","19.66"
"1523  ","開億  ","73160","45","1361992","18.7","18.7","18.55","18.7"," ","0","18.7","9","18.75","2","17.31"
"1524  ","耿鼎  ","282649","112","2584077","9.3","9.3","9.05","9.05","-","0.08","9.05","12","9.06","8","50.28"
"1525  ","江申  ","6025","7","131847","22.25","22.25","21.7","22.05","-","0.3","21.8","1","22.1","2","15"
"1526  ","日馳  ","60000","25","336020","5.59","5.64","5.57","5.63","+","0.02","5.59","4","5.62","2","0.00"
"1527  ","鑽全  ","357885","137","10924942","30.65","30.7","30.3","30.6"," ","0","30.55","40","30.6","15","12.54"
"1528  ","恩德  ","66966","21","618395","9.28","9.28","9.2","9.2","-","0.03","9.2","16","9.22","1","0.00"
"1529  ","樂士  ","1066000","150","4022660","3.88","3.88","3.75","3.77","-","0.05","3.76","86","3.78","2","0.00"
"1530  ","亞崴  ","252601","170","7593092","30.1","30.35","29.65","30","-","0.4","30","88","30.3","12","16.57"
"1531  ","高林股","974130","285","14989802","15.65","15.75","15.2","15.45","-","0.2","15.4","5","15.45","5","14.44"
"1532  ","勤美  ","1430062","600","51807620","35.7","36.8","35.5","36.05","+","0.35","36.05","30","36.1","18","0.00"
"1533  ","車王電","1774860","599","38311883","21.35","21.9","21","21.9","+","1.4","21.9","776","--","0","0.00"
"1535  ","中宇  ","226500","109","9662099","42.4","43","42.4","42.65","-","0.75","42.65","8","42.7","10","12.66"
"1536  ","和大  ","647000","207","6012170","9.3","9.37","9.2","9.27","-","0.03","9.26","11","9.27","2","0.00"
"1537  ","廣隆  ","1542025","544","51398927","33","34.3","32.8","33.3","-","1.2","33.25","14","33.3","8","118.93"
"1538  ","正峰新","743283","260","15461681","20.5","21","20.5","20.8","+","0.35","20.8","18","20.85","1","0.00"
"1539  ","巨庭  ","58000","23","371730","6.53","6.53","6.35","6.39","-","0.03","6.33","2","6.39","1","0.00"
"1540  ","喬福  ","121000","49","3308750","27.45","27.45","27.2","27.35","-","0.1","27.35","15","27.4","13","7.58"
"1541  ","錩泰  ","148371","61","3320989","22.6","22.75","22","22.75","+","0.1","22.7","15","22.75","9","11.67"
"1560  ","中砂  ","624931","343","21358681","35","35","33.9","34","-","1.15","34","23","34.1","3","0.00"
"1583  ","程泰  ","48002","49","1234296","26.25","26.25","25.5","25.5","-","0.7","25.5","5","25.95","3","0.00"
"1603  ","華電  ","754631","170","6434560","8.6","8.61","8.46","8.51","-","0.11","8.51","14","8.56","8","15.47"
"1604  ","聲寶  ","1523670","367","7915344","5.16","5.28","5.16","5.16","-","0.12","5.16","57","5.17","9","2.61"
"1605  ","華新  ","4717665","942","51379897","10.9","11.05","10.8","10.85","-","0.1","10.85","296","10.9","72","0.00"
"1608  ","華榮  ","1530153","304","13922990","9.17","9.17","9.07","9.09","-","0.08","9.09","4","9.1","10","0.00"
"1609  ","大亞  ","1285726","277","8831607","6.9","6.92","6.81","6.86"," ","0","6.85","100","6.86","9","0.00"
"1611  ","中電  ","4948277","1582","101944166","21.1","21.55","20.15","20.5","-","0.6","20.5","18","20.55","22","70.69"
"1612  ","宏泰  ","1076213","275","12488849","11.6","11.75","11.45","11.6","+","0.1","11.6","52","11.7","25","386.67"
"1613  ","台一  ","187062","50","699528","3.8","3.8","3.72","3.78","-","0.02","3.73","3","3.78","5","0.00"
"1614  ","三洋電","254100","113","8005329","31.6","31.75","31.2","31.45","-","0.45","31.4","6","31.7","7","44.3"
"1615  ","大山  ","35336","13","326183","9.16","9.29","9.16","9.2","+","0.03","9.2","16","9.21","1","43.81"
"1616  ","億泰  ","440577","109","2591624","5.86","5.95","5.81","5.81","-","0.07","5.81","9","5.86","6","0.00"
"1617  ","榮星  ","59020","15","397822","6.75","6.81","6.7","6.71","-","0.09","6.71","3","6.75","10","0.00"
"1618  ","合機  ","5626689","1919","133152068","24.3","24.4","23.15","23.35","-","0.85","23.35","100","23.4","106","0.00"
"1701  ","中化  ","3613206","1414","88499374","24.2","24.8","24.2","24.35","+","0.15","24.35","23","24.4","12","81.17"
"1702  ","南僑  ","10218084","2053","140270024","13.2","13.9","13.05","13.55","+","0.55","13.55","211","13.6","330","34.74"
"1704  ","榮化  ","2395947","911","82930355","35.1","35.1","34.4","34.6","-","0.6","34.6","13","34.7","23","9.53"
"1707  ","葡萄王","3173065","826","105028439","33.1","33.1","33.1","33.1","+","2.15","33.1","19,627","--","0","17.8"
"1708  ","東鹼  ","442604","210","12796616","28.8","29.1","28.8","28.85","-","0.15","28.85","34","28.9","1","13.36"
"1709  ","和益  ","280154","145","3429835","12.2","12.3","12.2","12.25","+","0.05","12.2","18","12.25","1","12.5"
"1710  ","東聯  ","2364494","718","47449424","20.05","20.3","19.85","20","-","0.2","20","38","20.1","45","66.67"
"1711  ","永光  ","14569843","3523","321325476","21","22.35","20.9","22.35","+","1.45","22.3","8","22.35","23","279.38"
"1712  ","興農  ","1431976","465","18782523","13.2","13.3","13","13.1","-","0.15","13.1","41","13.15","31","16.58"
"1713  ","國化  ","340269","84","3575547","10.6","10.65","10.45","10.45","-","0.25","10.45","18","10.5","1","0.00"
"1714  ","和桐  ","3856508","636","48337772","12.7","12.7","12.4","12.45","-","0.1","12.45","54","12.5","3","11.97"
"1715  ","萬洲  ","77000","19","804000","10.4","10.5","10.05","10.05","+","0.05","10.05","33","10.45","30","37.22"
"1716  ","永信  ","617120","318","22589026","37","37.1","36.5","36.55","-","0.45","36.55","56","36.7","4","19.44"
"1717  ","長興  ","2657066","994","82170256","31.05","31.15","30.6","30.9","-","0.15","30.9","44","30.95","9","10.33"
"1718  ","中纖  ","1668562","312","10114192","6.1","6.13","6.02","6.02","-","0.05","6.02","31","6.04","88","0.00"
"1720  ","生達  ","1096249","461","33038566","30.5","30.65","29.85","29.9","-","0.4","29.9","7","30","16","15.82"
"1721  ","三晃  ","612300","171","3957328","6.51","6.54","6.42","6.42","-","0.1","6.42","8","6.43","2","0.00"
"1722  ","台肥  ","2505853","1419","270123901","109","109","106.5","108.5","-","0.5","108","45","108.5","37","51.42"
"1723  ","中碳  ","1348350","881","114772572","85","86.6","83.8","84.5"," ","0","84.5","11","84.6","3","16.44"
"1724  ","台硝  ","35020","15","348450","10","10","9.91","9.91","-","0.09","9.91","4","10","8","49.55"
"1725  ","元禎  ","20000","14","348600","17.5","17.6","17.2","17.4","-","0.05","17.15","2","17.4","2","15"
"1726  ","永記  ","42025","29","1692616","40.65","40.65","38.55","40.65"," ","0","40.6","2","40.65","1","14.07"
"1727  ","中華化","394779","121","5906536","14.9","15.15","14.8","14.85","-","0.05","14.85","28","15","6","17.68"
"1729  ","必翔  ","2261397","1405","157658490","69.6","70.6","69","69","+","0.3","69","40","69.2","4","100"
"1730  ","花仙子","434298","176","7584554","17.6","17.65","17.3","17.3","-","0.2","17.3","11","17.4","14","20.35"
"1731  ","美吾華","596570","251","11965725","20.1","20.4","19.9","19.9","-","0.55","19.9","31","20","16","33.17"
"1732  ","毛寶  ","359000","158","6994750","19.7","19.7","19.35","19.35","-","0.35","19.35","33","19.45","7","64.5"
"1733  ","五鼎  ","1452367","719","83248419","57.5","58","56.7","57"," ","0","57","14","57.1","3","16.38"
"1734  ","杏輝  ","655000","292","19335550","29.5","29.8","29.4","29.45"," ","0","29.45","2","29.5","6","37.76"
"1735  ","日勝化","123239","68","1713796","13.7","14.25","13.5","14.25","+","0.55","14.2","1","14.25","8","36.54"
"1736  ","喬山  ","213284","123","6191321","29.1","29.4","28.8","28.8","-","0.25","28.8","16","28.9","5","0.00"
"1737  ","臺鹽  ","632329","279","12201129","19.5","19.55","19.2","19.25","-","0.35","19.25","38","19.3","1","148.08"
"1773  ","勝一  ","446000","204","15859600","36.2","36.3","35.1","35.7"," ","0","35.7","15","35.85","3","18.03"
"1802  ","台玻  ","1970908","748","49204571","25.3","25.4","24.8","24.85","-","0.5","24.85","29","24.9","7","497"
"1805  ","寶徠  ","4813","7","33327","6.75","7.15","6.75","7.15","-","0.04","7.05","2","7.17","1","0.00"
"1806  ","冠軍  ","3601454","691","40971712","11.6","11.65","11.25","11.35","-","0.3","11.35","87","11.4","114","24.67"
"1808  ","潤隆  ","202229","89","4049214","20","20.35","19.9","20","-","0.05","19.9","23","20","8","8.62"
"1809  ","中釉  ","7717522","2159","139893187","18.3","18.65","17.65","17.9","-","0.9","17.9","69","17.95","3","22.1"
"1810  ","和成  ","1469100","252","14897159","10.3","10.3","10","10.1"," ","0","10.1","52","10.15","39","0.00"
"1902  ","台紙  ","1878503","448","18702678","9.94","10.05","9.86","9.92","-","0.02","9.91","14","9.92","64","0.00"
"1903  ","士紙  ","683118","409","46162910","68.6","69","66.8","67.3","-","1.5","67.3","26","67.4","8","0.00"
"1904  ","正隆  ","3231745","670","36264998","11.3","11.35","11.15","11.15","-","0.15","11.15","19","11.2","26","111.5"
"1905  ","華紙  ","10384596","2271","137539248","13.2","13.5","13.05","13.1","-","0.05","13.1","71","13.15","42","0.00"
"1906  ","寶隆  ","51610","22","279002","5.45","5.49","5.34","5.45","+","0.04","5.34","1","5.46","20","30.28"
"1907  ","永豐餘","2784677","801","30347301","10.8","11.05","10.8","10.85"," ","0","10.8","389","10.85","33","0.00"
"1909  ","榮成  ","909601","236","10794772","12","12.05","11.7","11.75","-","0.15","11.75","65","11.8","3","0.00"
"2002  ","中鋼  ","21593173","5985","642325776","29.9","30","29.65","29.75","-","0.15","29.7","869","29.75","38","0.00"
"2002A ","中鋼特","0","0","0","--","--","--","--"," ","0","36.15","1","37.3","5","0.00"
"2006  ","東鋼  ","2936775","904","100501371","34.35","34.45","33.85","33.85","-","0.5","33.85","21","34","3","0.00"
"2007  ","燁興  ","590122","195","3589158","6.02","6.29","6.02","6.09","-","0.21","6.09","19","6.11","76","0.00"
"2008  ","高興昌","408176","109","2464622","6.1","6.2","5.98","6.04","-","0.08","6.01","17","6.04","52","0.00"
"2009  ","第一銅","326190","120","3013687","9.21","9.32","9.2","9.26","+","0.04","9.23","1","9.26","1","0.00"
"2010  ","春源  ","477722","115","4998854","10.5","10.55","10.4","10.5"," ","0","10.45","10","10.5","51","0.00"
"2012  ","春雨  ","484680","133","4363282","9","9.04","8.93","8.99"," ","0","8.98","13","8.99","75","0.00"
"2013  ","中鋼構","373188","221","8713879","23.7","23.8","23.2","23.2","-","0.6","23.2","22","23.35","14","20.71"
"2014  ","中鴻  ","2548677","636","31715700","12.5","12.6","12.4","12.4","-","0.1","12.4","946","12.45","247","0.00"
"2015  ","豐興  ","2060332","878","108747696","52.7","53.3","52.1","53","+","0.8","52.9","3","53","15","0.00"
"2017  ","官田鋼","2394785","600","14626526","6.15","6.2","6.02","6.12","-","0.1","6.12","10","6.13","21","0.00"
"2020  ","美亞  ","184392","85","3388233","18.7","18.7","18.1","18.3"," ","0","18.25","10","18.3","4","0.00"
"2022  ","聚亨  ","2041501","356","11251035","5.58","5.6","5.49","5.5","-","0.1","5.5","6","5.52","10","0.00"
"2023  ","燁輝  ","5818215","1373","65335384","11.35","11.45","11.1","11.15","-","0.2","11.15","80","11.2","192","0.00"
"2024  ","志聯  ","147750","45","757301","5.2","5.2","5.07","5.15","-","0.08","5.1","5","5.15","27","0.00"
"2025  ","千興  ","1031410","166","6061977","5.86","5.92","5.84","5.92","+","0.06","5.9","1","5.92","33","0.00"
"2027  ","大成鋼","2550455","1061","58400367","23.2","23.2","22.7","23","-","0.2","22.85","4","23","40","0.00"
"2028  ","威致  ","755139","174","5325133","7.07","7.1","7.01","7.03","-","0.04","7.03","4","7.06","2","0.00"
"2029  ","盛餘  ","245796","136","5630808","23.1","23.2","22.75","23.1"," ","0","22.85","10","23.1","5","0.00"
"2030  ","彰源  ","415825","129","6497051","15.7","15.9","15.5","15.7","-","0.1","15.6","5","15.7","3","0.00"
"2031  ","新光鋼","1269046","537","31843150","25.3","25.4","25","25","-","0.3","25","136","25.05","1","0.00"
"2032  ","新鋼  ","83000","49","1206800","14.55","14.7","14.5","14.5","-","0.05","14.4","4","14.5","3","0.00"
"2033  ","佳大  ","423647","199","8208616","19.8","19.8","19.2","19.65","+","0.15","19.4","1","19.7","1","0.00"
"2034  ","允強  ","1212073","491","30825848","25.4","25.7","25.2","25.45","+","0.05","25.4","51","25.5","26","0.00"
"2038  ","海光  ","195705","122","3725098","19.05","19.2","19","19.05","-","0.1","19","21","19.05","8","0.00"
"2049  ","上銀  ","1261694","570","41373485","32.95","34","32","32.1","-","1.5","32.1","11","32.4","5","21.26"
"2059  ","川湖  ","477500","307","89077750","187","189.5","181","186"," ","0","185.5","2","186","5","24.51"
"2062  ","橋椿  ","3000","3","88400","29.5","29.5","29.4","29.4"," ","0","29.2","1","29.5","1","13.55"
"2101  ","南港  ","3290589","1082","111333961","34","34.4","33.55","33.65","-","0.55","33.65","90","33.75","3","0.00"
"2102  ","泰豐  ","8779476","1988","168308344","19.2","19.6","18.65","19.1","-","0.1","19.05","10","19.1","25","272.86"
"2103  ","台橡  ","2184710","829","79889058","36.6","36.9","36.3","36.5","-","0.4","36.5","60","36.6","1","10.64"
"2104  ","中橡  ","6971986","2684","234754480","34.7","34.7","33.05","33.1","-","1.1","33.1","43","33.2","35","0.00"
"2105  ","正新  ","5057591","2073","329516967","65.1","66.2","64.5","65.1","-","1.2","65","81","65.1","3","15.17"
"2106  ","建大  ","4210454","1668","161084578","39","39.25","37.8","38.2","-","1.05","38.2","36","38.25","2","14.92"
"2107  ","厚生  ","4347115","1008","84722959","19.6","19.75","19.25","19.35","-","0.4","19.35","36","19.4","120","9.87"
"2108  ","南帝  ","895320","276","19719521","22.1","22.4","21.9","21.95","-","0.35","21.95","15","22","289","13.81"
"2109  ","華豐  ","5624386","1185","79171762","13.9","14.4","13.85","14","+","0.1","13.95","44","14","57","0.00"
"2201  ","裕隆  ","20395629","6311","745867477","35.8","37","35.8","36.2","+","0.4","36.2","39","36.3","8","113.13"
"2204  ","中華  ","6099940","1770","122132784","19.65","20.25","19.65","20.1","+","0.35","20.05","23","20.1","56","0.00"
"2206  ","三陽  ","3902442","1135","54490571","13.9","14.3","13.75","13.75","-","0.35","13.75","162","13.8","15","0.00"
"2207  ","和泰車","105516","100","7932595","75","76","74.8","74.9","+","0.3","74.9","1","75","15","16.91"
"2208  ","台船  ","2207800","1042","70136187","32","32.25","31.6","31.6","-","0.4","31.6","72","31.65","2","10.26"
"2227  ","裕日車","56000","47","4167800","73.5","75.2","73.5","74.5","-","0.4","74.5","9","75","1","29.22"
"2301  ","光寶科","5467257","2249","219787396","40.55","40.85","39.65","39.8","-","0.75","39.8","19","39.85","10","20.2"
"2302  ","麗正  ","1022604","205","3695713","3.76","3.76","3.55","3.57","-","0.13","3.57","16","3.64","1","0.00"
"2303  ","聯電  ","30235457","4461","458546931","15.2","15.25","15.05","15.15","-","0.05","15.15","592","15.2","55","0.00"
"2305  ","全友  ","911394","195","3822386","4.21","4.35","4.13","4.13","-","0.31","--","0","4.13","34","0.00"
"2308  ","台達電","5437018","2853","478116157","89","89.4","87.4","87.5","-","1.8","87.5","69","87.6","10","19.71"
"2311  ","日月光","20934643","5140","525190909","25.05","25.85","24.7","24.7","-","0.35","24.65","95","24.7","6","88.21"
"2312  ","金寶  ","3357447","703","28994331","8.69","8.78","8.59","8.6","-","0.09","8.6","63","8.61","4","0.00"
"2313  ","華通  ","3387410","777","29338085","8.7","8.79","8.6","8.6","-","0.16","8.59","95","8.6","5","78.18"
"2314  ","台揚  ","3996051","1142","60070837","14.8","15.15","14.8","14.9","+","0.1","14.9","24","14.95","1","29.8"
"2315  ","神達  ","6720576","1537","93975236","14.2","14.2","13.85","14","-","0.2","13.95","32","14","17","0.00"
"2316  ","楠梓電","2926448","583","28933844","10","10","9.81","9.86","-","0.05","9.86","53","9.88","1","0.00"
"2317  ","鴻海  ","12823110","6573","1584079015","124","125","122.5","123.5","-","0.5","123","1,138","123.5","44","19.09"
"2321  ","東訊  ","516542","221","6453912","12.4","12.6","12.4","12.45","+","0.1","12.4","69","12.45","5","0.00"
"2323  ","中環  ","28656510","4315","229863173","8.07","8.12","7.91","7.91","-","0.16","7.91","231","7.92","214","0.00"
"2324  ","仁寶  ","19114481","5689","688469562","36.7","36.9","35.6","35.6","-","1.45","35.6","182","35.7","40","11.34"
"2325  ","矽品  ","8094011","3274","359290117","44.9","45.4","44","44","-","0.9","44","1","44.05","4","34.11"
"2327  ","國巨  ","4419412","1038","39700330","9.03","9.08","8.93","8.94","-","0.09","8.94","14","8.95","50","0.00"
"2328  ","廣宇  ","21827272","8217","1102664600","50.8","51.5","49.55","50","-","0.2","50","428","50.1","24","43.86"
"2329  ","華泰  ","3434044","639","17555310","5.2","5.3","5","5.09","-","0.17","5.09","14","5.1","11","0.00"
"2330  ","台積電","27538676","6967","1672647829","61.4","61.4","60.5","60.7","-","0.4","60.7","864","60.8","8","22.73"
"2331  ","精英  ","22978405","3639","316434983","13.8","13.95","13.5","13.8","-","0.1","13.8","30","13.85","178","27.06"
"2332  ","友訊  ","7484226","3041","210355211","27.4","28.7","27.3","28.6","+","0.6","28.55","16","28.6","655","48.47"
"2337  ","旺宏  ","9620692","2488","167457138","17.65","17.65","17.25","17.3","-","0.25","17.3","298","17.35","64","12.45"
"2338  ","光罩  ","1271944","356","15016842","11.5","12","11.5","11.7","+","0.2","11.7","35","11.75","31","0.00"
"2340  ","光磊  ","7611220","2745","210276594","27.8","28.2","27.15","27.3","-","0.6","27.3","237","27.4","1","0.00"
"2341  ","英群  ","62517","25","85018","1.36","1.36","1.36","1.36","+","0.08","1.36","21","--","0","0.00"
"2344  ","華邦電","17020588","2668","112467021","6.61","6.7","6.54","6.54","+","0.02","6.54","10","6.55","25","0.00"
"2345  ","智邦  ","10418730","2080","119510718","11.3","11.6","11.3","11.45","+","0.15","11.45","723","11.5","138","18.47"
"2347  ","聯強  ","6707212","2783","447392133","66.8","67.6","66.2","66.3","-","0.2","66.3","14","66.4","3","26.41"
"2348  ","海悅  ","3000","2","5110","1.74","1.74","1.63","1.63","-","0.12","--","0","1.63","9","0.00"
"2349  ","錸德  ","26082595","4285","217529072","8.4","8.48","8.21","8.34","-","0.08","8.34","103","8.35","12","0.00"
"2350  ","環電  ","15673600","2831","216681892","13.8","14.1","13.6","13.9"," ","0","13.85","185","13.9","14","231.67"
"2351  ","順德  ","732010","324","19008463","25.6","26.7","25.6","26.4","+","0.85","26.4","21","26.5","16","0.00"
"2352  ","佳世達","16867855","4312","299253714","17.8","18","17.65","17.65","-","0.35","17.65","557","17.7","35","0.00"
"2353  ","宏碁  ","10985455","3824","853687529","78.9","79","76.7","76.8","-","2.6","76.8","24","76.9","6","20.16"
"2354  ","鴻準  ","3373179","2160","300173768","90","90","88.4","88.4","-","1.2","88.4","92","88.5","2","14.96"
"2355  ","敬鵬  ","8489067","2401","212884395","25","25.45","24.6","25","+","0.4","25","103","25.05","4","14.53"
"2356  ","英業達","5386629","1397","98652143","18.5","18.5","18.2","18.25","-","0.3","18.25","152","18.3","36","8.99"
"2357  ","華碩  ","23978978","9059","1304902302","55.6","56","53.8","53.9","-","2.4","53.9","1,112","54","382","58.59"
"2358  ","廷鑫  ","2036992","795","42570421","20.75","22","20.75","21.2","-","1.1","20.8","2","21.2","9","45.11"
"2359  ","所羅門","570157","203","7096579","12.55","12.75","12.35","12.4","-","0.35","12.4","7","12.45","137","0.00"
"2360  ","致茂  ","9293802","3943","543555818","57.7","59.7","56.6","59.3","+","0.3","59.3","115","59.4","2","33.31"
"2361  ","鴻友  ","130484","76","482421","3.8","3.98","3.6","3.7","-","0.16","3.7","1","3.88","4","0.00"
"2362  ","藍天  ","2333187","773","102494895","44","44.3","43.5","43.5","-","0.5","43.5","204","43.55","1","36.86"
"2363  ","矽統  ","16956998","4041","230476880","13.4","13.9","13.2","13.65","+","0.25","13.6","508","13.65","16","0.00"
"2364  ","倫飛  ","20513270","3279","99900560","4.83","5.14","4.83","4.83","-","0.36","--","0","4.83","147","0.00"
"2365  ","昆盈  ","4139032","1713","138157788","34.35","34.5","32.8","32.9","-","1.7","32.9","22","32.95","15","12.9"
"2367  ","燿華  ","3329194","800","38511244","11.55","11.8","11.4","11.4","-","0.1","11.4","31","11.5","35","0.00"
"2368  ","金像電","2896707","746","36340300","12.6","12.8","12.45","12.45","-","0.3","12.45","208","12.5","1","0.00"
"2369  ","菱生  ","5785606","1330","72020987","12.5","12.8","12.15","12.3","-","0.2","12.3","2","12.35","5","47.31"
"2371  ","大同  ","19364058","4106","145710682","7.7","7.75","7.38","7.39","-","0.36","7.39","49","7.4","174","0.00"
"2373  ","震旦行","139690","73","4537059","33","33","32.05","33","-","0.1","32.9","1","33","6","19.88"
"2374  ","佳能  ","1362659","743","82809764","61.5","61.8","59.9","60.7","-","0.8","60.7","2","60.8","14","17.91"
"2375  ","智寶  ","1508034","308","6775793","4.46","4.55","4.44","4.44","-","0.15","4.43","1","4.48","30","0.00"
"2376  ","技嘉  ","2732363","1285","70985289","26.3","26.3","25.85","25.9","-","0.4","25.9","34","26","19","16.93"
"2377  ","微星  ","4455190","1481","92208885","21","21.15","20.5","20.55","-","0.45","20.55","16","20.6","23","22.34"
"2379  ","瑞昱  ","6973594","3456","500149383","71.9","72.6","71","71.2"," ","0","71.2","52","71.3","2","26.97"
"2380  ","虹光  ","2469776","748","31814506","13.1","13.2","12.55","13","-","0.1","12.95","10","13","2","36.11"
"2382  ","廣達  ","13630482","3312","918112594","69","69.3","66.8","67","-","2","67","26","67.1","1","11.94"
"2383  ","台光電","7210366","2155","178375115","25.3","25.45","24.4","24.5","-","0.85","24.5","43","24.55","15","21.49"
"2384  ","勝華  ","8986794","2549","207552172","23.4","23.45","22.95","22.95","-","0.25","22.95","99","23","51","0.00"
"2385  ","群光  ","2635592","1385","188572817","72","72.9","71","71.5","-","0.9","71.4","15","71.5","3","14.39"
"2387  ","精元  ","610843","346","19994128","32.5","33.15","32.15","32.8","+","0.3","32.75","9","32.8","8","12.38"
"2388  ","威盛  ","1694060","471","40981940","25.7","25.7","24","24","-","1.8","--","0","24","157","0.00"
"2390  ","云辰  ","1316743","271","10788660","8.37","8.38","8.09","8.15","-","0.22","8.15","21","8.2","1","0.00"
"2391  ","合勤  ","15263325","4652","318313534","20.1","21.3","20","21.3","+","1.35","21.3","1,961","--","0","0.00"
"2392  ","正崴  ","3596674","1881","230176088","64.8","65.3","63.5","63.5","-","1.5","63.5","101","63.6","11","17.84"
"2393  ","億光  ","2066617","1154","195245319","94.8","95.3","93.8","95","+","0.2","95","20","95.1","1","30.65"
"2395  ","研華  ","492902","353","28337446","57.1","58.1","56.2","58.1","-","0.3","58","6","58.1","4","14.86"
"2397  ","友通  ","753362","487","29639654","39.1","40.3","39.1","39.2","-","2.8","39.2","15","39.35","35","11.23"
"2399  ","映泰  ","1227347","357","29190604","24.15","24.25","23.5","23.7","-","0.45","23.7","14","23.75","4","11.23"
"2401  ","凌陽  ","8184166","2257","194739595","24.1","24.3","23.45","23.6","-","0.55","23.6","26","23.7","1","0.00"
"2402  ","毅嘉  ","2108484","617","33583417","16.1","16.2","15.75","15.75","-","0.55","15.75","85","15.9","20","131.25"
"2403  ","友尚  ","1689708","607","41676801","25","25","24.4","24.6","-","0.15","24.55","18","24.6","7","12"
"2404  ","漢唐  ","651358","289","10214756","15.6","15.9","15.5","15.85","+","0.15","15.75","1","15.85","16","10.57"
"2405  ","浩鑫  ","17234233","3875","412976606","24.4","24.4","23.1","23.2","+","0.35","23.15","30","23.2","13","0.00"
"2408  ","南亞科","1180528","343","24676943","21.15","21.2","20.7","20.7","-","0.55","20.7","22","20.75","4","0.00"
"2409  ","友達  ","44749322","12355","1385693983","31.15","31.4","30.65","30.85","-","0.65","30.85","744","30.9","484","0.00"
"2412  ","中華電","24265158","7659","1397347016","57.2","57.8","57.1","57.6","+","0.4","57.5","670","57.6","93","13.95"
"2413  ","環科  ","592458","197","8123139","14.2","14.2","13.3","13.4","-","0.7","13.4","16","13.5","2","74.44"
"2414  ","精技  ","636055","232","11453071","18.2","18.3","17.85","17.85","-","0.3","17.85","8","17.9","1","16.53"
"2415  ","錩新  ","36264","21","365640","10","10.2","10","10.2","+","0.2","10.05","5","10.25","2","0.00"
"2417  ","圓剛  ","2413600","1203","95119011","40","40","39","39.4","-","0.8","39.4","27","39.45","1","10.85"
"2419  ","仲琦  ","6605485","1829","125905226","19.55","19.8","18.25","19.55","-","0.05","19.55","572","19.6","392","31.53"
"2420  ","新巨  ","2088960","684","32189336","14.9","15.7","14.8","15.35","+","0.55","15.35","9","15.4","7","20.47"
"2421  ","建準  ","923128","220","16747477","18.5","18.5","17.95","18.3","-","0.2","18.3","19","18.35","10","79.57"
"2423  ","固緯  ","47281","30","851699","17.95","18.1","17.95","18","+","0.05","18","9","18.05","17","22.22"
"2424  ","隴華  ","18150","6","193605","10.55","10.7","10.55","10.7"," ","0","10.7","11","10.8","2","0.00"
"2425  ","承啟  ","918998","360","12493821","13.9","13.9","13.4","13.5","-","0.4","13.5","2","13.7","14","0.00"
"2426  ","鼎元  ","5049023","1642","118923883","23.8","23.9","23.05","23.75","+","0.1","23.7","83","23.75","2","0.00"
"2427  ","三商電","413919","120","3166942","7.82","7.85","7.52","7.52","-","0.26","7.52","2","7.58","6","27.85"
"2428  ","興勤  ","1545263","708","67994513","45","45","43.6","43.8","-","1.2","43.8","44","43.85","3","16.1"
"2429  ","銘旺科","0","0","0","--","--","--","--"," ","0","--","","--","","0.00"
"2430  ","燦坤  ","1605619","831","52779692","33.3","33.35","32.7","32.75","-","0.4","32.75","1","32.8","19","12.22"
"2431  ","聯昌  ","463007","189","6490148","14.3","14.3","13.9","14","-","0.25","14","12","14.05","2","33.33"
"2433  ","互盛電","97027","72","1680466","17.05","17.6","17.05","17.4","+","0.35","17.3","4","17.4","1","9.21"
"2434  ","統懋  ","927729","343","14618949","15.85","16","15.6","15.65","-","0.25","15.65","9","15.7","3","0.00"
"2436  ","偉詮電","1556222","654","38067672","24.7","24.75","24.2","24.4","-","0.3","24.4","179","24.5","13","122"
"2437  ","旺詮  ","287878","134","11705224","41","41.4","40.05","40.05","-","1.05","40.05","4","40.55","2","18.63"
"2438  ","翔耀  ","391901","39","392214","1","1.02","0.96","1.02","+","0.02","0.96","5","1.02","48","0.00"
"2439  ","美律  ","1531509","621","58187146","38.2","38.6","37.8","37.8","-","0.8","37.8","31","37.85","11","16.95"
"2441  ","超豐  ","732577","367","23123798","31.6","31.8","31.4","31.55","-","0.25","31.55","7","31.6","6","14.34"
"2442  ","新美齊","746306","290","11455451","15.6","15.9","15.15","15.2","-","0.5","15.2","28","15.4","13","20.27"
"2444  ","友旺  ","745873","262","9199735","12.4","12.55","12.15","12.35","+","0.05","12.35","18","12.4","27","0.00"
"2446  ","全懋  ","3718768","837","78487732","21.5","21.6","20.8","21","-","0.7","21","217","21.05","5","0.00"
"2448  ","晶電  ","8737482","4321","891074403","100","105.5","99","105.5","+","5.5","105","65","105.5","10","0.00"
"2449  ","京元電","4915406","1159","60649964","12.35","12.5","12.25","12.3","-","0.1","12.3","170","12.35","42","0.00"
"2450  ","神腦  ","6231406","2794","298178444","47.5","48.4","47","47.85","+","1.85","47.85","2","47.9","22","11.15"
"2451  ","創見  ","1902550","1331","213948318","112.5","114.5","110.5","111.5"," ","0","111.5","76","112","11","15.19"
"2452  ","乾坤  ","1205816","571","84464990","71.8","71.8","69.5","69.5","-","2.5","69.5","8","69.6","1","14.63"
"2453  ","凌群  ","54100","22","486555","9.02","9.13","8.92","8.92","-","0.08","8.92","3","8.98","2","30.76"
"2454  ","聯發科","3666825","2930","1875085100","512","517","507","508","-","1","507","35","508","44","21.11"
"2455  ","全新  ","1885315","848","122819660","66.4","66.8","64.5","64.5","-","2.2","64.5","28","64.7","27","201.56"
"2456  ","奇力新","12168612","1897","180396090","14.4","15.15","14.4","14.5","+","0.3","14.5","57","14.55","2","43.94"
"2457  ","飛宏  ","4605319","1589","98457747","21.6","21.65","21.2","21.2","-","0.45","21.15","79","21.2","152","10.76"
"2458  ","義隆  ","7059201","3377","336994982","48.5","49","47.2","47.35","-","1.3","47.35","12","47.4","36","157.83"
"2459  ","敦吉  ","341957","130","6474091","19.1","19.1","18.8","18.9","-","0.1","18.9","10","19","6","11.74"
"2460  ","建通  ","234781","105","5201608","22.2","22.3","22","22.2"," ","0","22.2","4","22.25","2","14.23"
"2461  ","光群雷","13003520","2227","230104738","17.5","17.8","17.2","17.8","+","1.15","17.8","8,981","--","0","890"
"2462  ","良得電","1891875","911","104168774","54","56.5","54","54.5","-","0.7","54.5","6","54.6","5","12.88"
"2463  ","研揚  ","91985","86","4107680","45","45.45","44","44.9","-","1.35","44.7","1","44.9","9","13.65"
"2464  ","盟立  ","323547","146","7469904","23","23.3","22.85","23.25","+","0.15","23.2","10","23.25","27","12.77"
"2465  ","麗臺  ","854900","227","5690427","6.7","6.75","6.55","6.55","-","0.21","6.55","2","6.62","3","0.00"
"2466  ","冠西電","88004","41","2496313","28.4","28.45","28.25","28.35","-","0.15","28.2","4","28.35","3","0.00"
"2467  ","志聖  ","706670","234","9065172","13","13.25","12.65","12.7","-","0.3","12.7","16","12.75","24","11.65"
"2468  ","華經  ","114132","43","1292184","11.5","11.5","11.3","11.3","-","0.2","11.3","3","11.4","1","10.46"
"2471  ","資通  ","190100","78","1759480","9.49","9.55","9.19","9.37","-","0.12","9.21","2","9.38","2","0.00"
"2472  ","立隆電","1512000","392","16732450","11","11.2","10.8","11.2","+","0.2","11.15","11","11.2","16","0.00"
"2473  ","思源  ","1559650","613","42556674","27.4","27.7","26.7","27.5"," ","0","27.5","41","27.55","36","18.84"
"2474  ","可成  ","16574643","6325","1373017219","83.1","83.3","82.3","82.7","-","0.8","82.7","42","82.8","17","13.76"
"2475  ","華映  ","78379824","8821","293848724","3.81","3.85","3.7","3.7","-","0.18","3.7","3,938","3.71","704","0.00"
"2476  ","鉅祥  ","1333142","519","29839406","22.6","22.7","22","22.3","-","0.15","22.3","7","22.4","5","14.87"
"2477  ","美隆電","1094555","320","13466162","12.3","12.6","12.1","12.15","-","0.35","12.15","7","12.25","49","0.00"
"2478  ","大毅  ","5563181","1981","143025324","25.6","26.5","25.2","25.2","+","0.1","25.2","24","25.25","6","25.2"
"2480  ","敦陽科","538000","247","9858699","18.5","18.55","18.2","18.2","-","0.2","18.2","30","18.3","8","10.34"
"2481  ","強茂  ","2760575","973","55648188","20.6","20.7","19.85","20","-","0.6","20","17","20.05","2","0.00"
"2482  ","連宇  ","1566436","470","37359495","23.85","23.85","23.85","23.85","+","1.55","23.85","1,129","--","0","74.53"
"2483  ","百容  ","1172488","307","14750645","12.2","12.8","11.85","12.8","+","0.8","12.8","6","--","0","0.00"
"2484  ","希華  ","6416213","1498","88124576","13","13.8","12.9","13.8","+","0.9","13.8","408","--","0","0.00"
"2485  ","兆赫  ","4592916","2166","291140308","63","64","63","63"," ","0","63","81","63.1","5","14.65"
"2486  ","一詮  ","5087223","1927","234479308","46.9","47.3","45.55","46.15","-","0.65","46.15","28","46.2","2","20.6"
"2488  ","漢平  ","314094","116","4169740","13","13.4","13","13.25","+","0.15","13.2","9","13.25","6","10.43"
"2489  ","瑞軒  ","5984354","2225","170891268","28.6","28.8","28.1","28.35","-","0.25","28.3","125","28.35","46","14.1"
"2491  ","吉祥全","139635","33","410870","3.02","3.02","2.86","2.86","-","0.05","2.86","4","2.99","5","0.00"
"2492  ","華新科","3758854","1159","51640857","13.85","13.95","13.6","13.65","-","0.3","13.65","66","13.7","69","0.00"
"2493  ","揚博  ","244158","81","2666322","11.05","11.15","10.75","11","-","0.05","11","4","11.05","9","0.00"
"2495  ","普安  ","4122838","1227","179596291","44.2","44.4","43","43.85","-","0.05","43.65","2","43.85","1","12.71"
"2496  ","卓越  ","0","0","0","--","--","--","--"," ","0","1.65","55","1.85","5","0.00"
"2497  ","怡利電","46000","17","860750","18.7","18.95","18.6","18.6","-","0.15","18.6","2","18.8","10","0.00"
"2498  ","宏達電","7456441","6265","2551043110","348","350","338","340","-","11","340","222","340.5","7","10.23"
"2499  ","東貝  ","4407351","1893","227063464","51.5","52.2","51","51.5","-","0.3","51.5","110","51.6","1","68.67"
"2501  ","國建  ","3856503","832","49539108","12.85","13","12.7","13","+","0.1","12.9","58","13","67","130"
"2504  ","國產  ","5782477","1734","94193608","16.6","16.65","16.15","16.3","-","0.35","16.3","53","16.35","122","37.91"
"2505  ","國揚  ","3322318","753","54102818","16.7","16.8","16.15","16.15","-","0.65","16.15","86","16.2","39","0.00"
"2506  ","太設  ","454662","51","2021342","4.4","4.5","4.4","4.5"," ","0","4.5","2","4.51","20","28.13"
"2509  ","全坤建","734307","310","19202999","26.65","26.65","26","26.1","-","0.8","26.1","12","26.15","10","12.14"
"2511  ","太子  ","2793735","657","40087494","14.5","14.7","14.15","14.25","-","0.35","14.25","45","14.3","3","0.00"
"2514  ","龍邦  ","386110","111","3895036","10.05","10.2","10","10","-","0.1","10","6","10.1","61","0.00"
"2515  ","中工  ","8771393","1843","78717850","9.05","9.06","8.9","8.9","-","0.18","8.9","313","8.91","53","0.00"
"2516  ","新建  ","216204","71","1524828","7.05","7.1","7.03","7.04","-","0.03","7.04","1","7.06","9","11.17"
"2520  ","冠德  ","3739605","1262","80503305","21.7","21.95","21.3","21.3","-","0.7","21.3","118","21.45","15","23.93"
"2524  ","京城  ","1348578","578","39681920","30","30.2","29","29","-","1.2","29","25","29.05","3","28.43"
"2526  ","大陸  ","3723024","503","44833373","12","12.2","11.9","12","-","0.05","12","97","12.05","16","28.57"
"2527  ","宏璟  ","975500","359","17909675","18.6","19","18.05","18.1","-","0.5","18.1","3","18.15","25","100.56"
"2528  ","皇普  ","39000","3","88060","2.25","2.26","2.25","2.26","-","0.14","2.26","19","--","0","0.00"
"2534  ","宏盛  ","1443661","346","20452903","14.2","14.35","14.1","14.1","-","0.25","14.1","159","14.15","5","141"
"2535  ","達欣工","668565","266","14857991","22.35","22.4","22.05","22.2","-","0.35","22.2","17","22.25","3","19.14"
"2536  ","宏普  ","1645877","792","78547742","48.1","48.6","47.5","47.5","-","1.4","47.5","42","47.55","15","13.01"
"2537  ","聯上發","251097","131","3503456","14.1","14.35","13","13.6","-","0.3","13.6","5","13.7","1","0.00"
"2538  ","基泰  ","1952916","468","30554697","15.8","15.9","15.5","15.5","-","0.4","15.5","103","15.55","50","13.03"
"2539  ","櫻花建","12238","12","334176","27","27.9","27","27.45","-","0.75","27.4","7","27.75","1","11.3"
"2540  ","愛山林","2000","1","14900","7.45","7.45","7.45","7.45","X","0","--","0","7.8","1","0.89"
"2542  ","興富發","3910065","1779","150750946","39.2","39.2","38.2","38.3","-","1.2","38.3","39","38.35","9","13.93"
"2543  ","皇昌  ","1247519","210","7673070","6.15","6.16","6.15","6.15","-","0.46","--","0","6.15","1,193","0.00"
"2545  ","皇翔  ","5147491","2398","338771188","68","68","64.8","65.2","-","3","65.2","55","65.3","2","15.27"
"2546  ","根基  ","729458","236","15307026","21","21.4","20.7","21","-","0.15","21","18","21.05","30","9.68"
"2547  ","日勝生","3535679","1070","88541202","25.9","25.9","24.8","24.9","-","1","24.9","28","24.95","6","21.47"
"2548  ","華固  ","2496172","1309","195741163","79.9","80.2","77.7","77.9","-","2.3","77.9","102","78","3","7.49"
"2601  ","益航  ","2439719","1124","92622624","38.1","38.6","37.5","37.6","-","0.4","37.6","20","37.65","10","6.18"
"2603  ","長榮  ","5547838","1580","104163912","18.6","19","18.55","18.7","+","0.1","18.7","140","18.75","222","0.00"
"2605  ","新興  ","1864244","787","67869032","36.5","36.6","36.15","36.6","+","0.35","36.55","108","36.6","33","8.78"
"2606  ","裕民  ","2606318","1321","140587962","54.6","54.7","53.7","53.9","-","0.5","53.9","5","54","53","6.24"
"2607  ","榮運  ","11569942","3890","331605665","28.9","29.2","28.1","28.1","-","0.6","28.1","174","28.15","2","33.45"
"2608  ","大榮  ","4286707","1154","83934443","19.2","19.8","19.1","19.55","+","0.4","19.55","6","19.6","37","21.97"
"2609  ","陽明  ","6296735","1300","78515350","12.2","12.65","12.2","12.45","+","0.2","12.4","30","12.45","77","0.00"
"2610  ","華航  ","7430677","1654","83507187","11.4","11.45","11.15","11.15","-","0.25","11.15","362","11.2","106","0.00"
"2611  ","志信  ","48499","25","624336","12.9","13","12.65","12.95","-","0.15","12.95","2","13","5","1295"
"2612  ","中航  ","1270305","757","107009947","84","84.6","84","84"," ","0","84","165","84.1","1","5.12"
"2613  ","中櫃  ","370500","214","6656975","18.3","18.4","17.8","17.9","-","0.35","17.9","6","18","4","59.67"
"2614  ","東森  ","6723641","1125","44404741","6.6","6.67","6.54","6.6"," ","0","6.59","13","6.6","169","0.00"
"2615  ","萬海  ","1076932","495","18246048","16.95","17.1","16.8","17.05","+","0.1","17","20","17.05","28","0.00"
"2616  ","山隆  ","153662","50","2104085","13.8","13.8","13.6","13.65","-","0.15","13.65","7","13.7","135","13.25"
"2617  ","台航  ","1409837","891","69078113","49.7","49.9","48.5","48.6","-","1.1","48.55","18","48.6","23","6.37"
"2618  ","長榮航","6163088","1448","81170580","13.6","13.6","13.05","13.2","-","0.2","13.15","81","13.2","111","0.00"
"2701  ","萬企  ","25463","22","334991","13.2","13.2","13.1","13.15","-","0.05","13.15","5","13.2","8","21.92"
"2702  ","華園  ","47003","35","1320281","28.1","28.5","27.7","27.7","-","1","27.7","1","28.4","2","35.06"
"2704  ","國賓  ","858252","443","28324839","33.2","33.3","32.8","33.1","-","0.45","32.9","64","33.1","24","80.73"
"2705  ","六福  ","1835084","589","30223244","16.25","16.8","16.25","16.45","-","0.6","16.4","30","16.45","72","0.00"
"2706  ","第一店","173004","61","4199246","24.5","24.5","24.2","24.2","-","0.3","24.15","2","24.2","3","18.33"
"2707  ","晶華  ","132561","140","52434656","394","400","394","399","-","1","396","9","400","2","44.33"
"2801  ","彰銀  ","6058157","1293","87450890","14.55","14.55","14.35","14.35","-","0.1","14.35","234","14.4","203","24.32"
"2809  ","京城銀","1359309","278","10929792","7.99","8.1","7.95","8.09","+","0.14","8.06","10","8.09","38","0.00"
"2812  ","台中銀","1164359","221","9364062","8.05","8.14","8","8.03","-","0.05","8.03","19","8.04","1","0.00"
"2816  ","旺旺保","237911","124","5454571","23.15","23.35","22.8","22.85","-","0.3","22.85","50","23","10","0.00"
"2820  ","華票  ","3546915","649","32600077","9.2","9.22","9.15","9.16","-","0.06","9.16","45","9.2","2","8.25"
"2823  ","中壽  ","4538118","1324","101172646","22.8","22.8","22","22","-","0.9","22","13","22.1","6","6.55"
"2832  ","台產  ","548552","175","13653917","25.1","25.1","24.8","24.85","-","0.25","24.85","56","24.9","2","30.3"
"2833  ","台壽保","1189377","432","30497653","26","26","25.45","25.5","-","0.35","25.45","101","25.5","28","0.00"
"2834  ","臺企銀","6934251","958","57145973","8.3","8.33","8.21","8.25","-","0.07","8.24","17","8.25","76","0.00"
"2836  ","高雄銀","849136","313","8551230","9.92","10.2","9.92","10.1","+","0.18","10.1","32","10.15","35","0.00"
"2837  ","萬泰銀","785167","789","3018447","3.86","3.93","3.8","3.8","-","0.01","3.8","7","3.81","1","0.00"
"2838  ","聯邦銀","208395","56","1280548","6.15","6.19","6.08","6.1","-","0.01","6.1","1","6.15","62","0.00"
"2841  ","台開  ","1293202","288","17606137","13.95","13.95","13.5","13.55","-","0.25","13.55","2","13.6","5","0.00"
"2845  ","遠東銀","2928430","674","27834930","9.51","9.58","9.45","9.53","+","0.03","9.53","15","9.54","53","0.00"
"2847  ","大眾銀","1407413","331","8156010","5.9","5.93","5.7","5.78","+","0.11","5.76","1","5.78","28","0.00"
"2849  ","安泰銀","398639","124","3934612","9.5","9.97","9.49","9.97","+","0.65","9.97","15","--","0","0.00"
"2850  ","新產  ","336407","107","4958480","14.85","14.85","14.65","14.8","+","0.1","14.75","1","14.8","6","42.29"
"2851  ","中再保","195655","100","2401790","12.2","12.35","12.2","12.3"," ","0","12.25","5","12.3","3","17.32"
"2852  ","第一保","592499","119","6646487","11.25","11.3","11.15","11.3","+","0.05","11.2","10","11.3","4","18.23"
"2854  ","寶來證","10133376","2618","188748347","19","19","18.35","18.6","-","0.4","18.55","96","18.6","3","0.00"
"2855  ","統一證","2395306","817","46302734","19.6","19.6","19.05","19.4"," ","0","19.3","3","19.4","23","277.14"
"2856  ","元富證","7510449","1223","94431410","12.8","12.8","12.45","12.5","-","0.35","12.45","575","12.5","64","0.00"
"2880  ","華南金","2576817","792","50711987","19.5","19.85","19.5","19.6","-","0.05","19.6","115","19.65","5","22.53"
"2881  ","富邦金","15215540","4397","538148346","35.75","35.8","35","35.3","-","0.55","35.25","159","35.3","92","28.7"
"2882  ","國泰金","15755673","4200","827512264","52.9","53.2","52.1","52.6","-","0.4","52.5","95","52.6","118","53.67"
"2883  ","開發金","9842403","1489","82629638","8.4","8.45","8.33","8.4","-","0.04","8.4","72","8.41","6","0.00"
"2884  ","玉山金","38381667","5946","477982830","12.25","12.6","12.25","12.3","+","0.15","12.3","591","12.35","50","61.5"
"2885  ","元大金","10080497","2515","233628411","23.1","23.4","23","23.2","-","0.1","23.2","212","23.25","13","128.89"
"2886  ","兆豐金","15663869","2930","302665689","19.45","19.45","19.15","19.4","-","0.05","19.4","106","19.45","393","32.33"
"2887  ","台新金","23688377","3323","319474378","13.5","13.6","13.35","13.55","+","0.05","13.5","289","13.55","801","0.00"
"2887C ","新丙特","2000","1","57000","28.5","28.5","28.5","28.5","X","0","28.5","8","28.7","2","0.00"
"2888  ","新光金","19052312","3789","235598058","12.5","12.6","12.25","12.3","-","0.2","12.3","1,053","12.35","299","0.00"
"2889  ","國票金","5517906","936","56530426","10.3","10.35","10.2","10.2","-","0.1","10.2","953","10.25","292","0.00"
"2890  ","永豐金","41527609","5833","525458685","12.45","12.75","12.45","12.75","+","0.25","12.7","832","12.75","539","0.00"
"2891  ","中信金","56530481","8564","1167204508","21","21.15","20.45","20.45","-","0.8","20.45","469","20.5","172","30.98"
"2892  ","第一金","14352539","2017","284619542","19.9","20","19.65","19.85","-","0.05","19.8","106","19.85","744","32.02"
"2901  ","欣欣  ","20000","16","508450","26.1","26.1","25","25.8","-","0.1","25.5","1","25.8","6","86"
"2903  ","遠百  ","3823317","1611","121447511","32.4","32.6","31.4","31.5","-","1","31.5","152","31.55","23","60.58"
"2904  ","匯僑  ","106498","41","1303725","12.25","12.35","12.15","12.3","+","0.05","12.25","4","12.3","2","8.72"
"2905  ","三商  ","711118","185","9463205","13.55","13.6","13.15","13.3","-","0.35","13.2","71","13.35","11","42.9"
"2906  ","高林  ","197301","51","1654747","8.42","8.44","8.3","8.38","-","0.01","8.37","3","8.38","25","17.83"
"2908  ","特力  ","2032950","385","29858913","14.8","14.95","14.45","14.9","-","0.05","14.65","1","14.9","20","35.48"
"2910  ","統領  ","4000","1","93000","23.25","23.25","23.25","23.25","+","0.45","22.6","1","23.3","7","40.79"
"2911  ","麗嬰房","4355824","1889","132826744","30.1","30.85","29.95","30.5","+","0.6","30.45","9","30.55","19","25.42"
"2912  ","統一超","1459165","311","113793435","78.2","78.3","77.6","78","-","0.6","77.9","144","78","76","22.94"
"2915  ","潤泰全","48762985","961","1997745900","41.3","41.3","40","40","-","1","40","54","40.1","17","57.97"
"3002  ","歐格  ","694633","322","16579688","24.3","24.4","23.7","23.7","-","0.6","23.7","7","23.9","6","10.49"
"3003  ","健和興","663587","309","12657782","18.8","19.55","18.65","18.9","+","0.25","18.9","2","18.95","1","35"
"3004  ","豐達科","1254","2","9366","7.55","7.55","7.55","7.55","-","0.02","7.36","3","8.09","2","0.00"
"3005  ","神基  ","3628981","1268","109878880","31","31.15","29.8","29.8","-","1.2","29.8","51","30","37","12.63"
"3006  ","晶豪科","3610590","1799","180446792","51.2","51.5","49.5","49.75","-","1.65","49.75","24","49.8","10","0.00"
"3008  ","大立光","1238805","1092","514294075","423","423","411.5","415","-","6","415","4","415.5","9","19.9"
"3009  ","奇美電","18544996","4621","304465303","16.7","16.8","16.3","16.3","-","0.4","16.3","1,554","16.35","109","0.00"
"3010  ","華立  ","971981","489","38468195","39.6","40.5","38.7","39","-","0.4","39","16","39.05","14","17.49"
"3011  ","今皓  ","1067709","438","13749816","13.2","13.2","12.7","12.7","-","0.6","12.7","50","12.8","6","90.71"
"3013  ","晟銘電","294608","100","2621660","9","9","8.81","8.94","-","0.01","8.94","2","8.95","2","24.83"
"3014  ","聯陽  ","2950577","1523","190134045","66","66.4","63.5","63.7","-","2.7","63.7","31","63.9","3","30.19"
"3015  ","全漢  ","1191201","490","37586323","32.2","32.4","31.2","31.6","-","0.6","31.5","4","31.6","4","10.6"
"3016  ","嘉晶  ","1383837","711","47402270","35.1","35.3","33.05","33.8","-","1.5","33.8","7","33.9","5","0.00"
"3017  ","奇鋐  ","2148200","813","69435737","32.95","33.15","31.8","32.45","-","0.75","32.4","6","32.45","6","14.75"
"3018  ","同開  ","8481","8","86660","10.35","10.35","10.1","10.2","+","0.1","10.05","2","10.5","1","19.25"
"3019  ","亞光  ","1834010","1024","105203263","57.8","58.3","56.6","57","-","0.8","57","13","57.1","4","35.4"
"3021  ","鴻名  ","7420","6","66754","9.04","9.04","9","9","-","0.2","9","3","9.18","3","0.00"
"3022  ","威強電","5683273","1988","205618899","36.1","36.8","36.1","36.1","-","2.7","--","0","36.1","312","25.07"
"3023  ","信邦  ","1160447","436","24135387","20.6","21.3","20.3","21.05","+","0.35","21.05","9","21.1","7","34.51"
"3024  ","憶聲  ","1450680","270","13396395","9.12","9.33","9.12","9.23"," ","0","9.23","63","9.25","85","0.00"
"3025  ","星通  ","413008","123","5583108","13.4","13.75","13.4","13.7","+","0.2","13.6","4","13.7","36","19.86"
"3026  ","禾伸堂","825819","423","28622083","35","35.1","34.3","34.75","-","0.5","34.7","1","34.75","10","14.48"
"3027  ","盛達  ","881006","280","16039757","19.15","19.15","17.85","17.9","-","1.25","17.9","30","18","30","111.88"
"3028  ","增你強","989015","332","17753515","18.2","18.2","17.85","17.85","-","0.25","17.85","34","17.9","2","13.03"
"3029  ","零壹  ","727194","221","7141554","10","10.15","9.6","9.73","-","0.32","9.72","115","9.73","8","27.8"
"3030  ","德律  ","490660","219","12437060","26","26","25.2","25.2","-","0.5","25.2","32","25.35","1","22.91"
"3031  ","佰鴻  ","1029931","589","41224783","39.8","40.5","39.5","39.95","+","0.15","39.95","8","40","2","75.38"
"3032  ","偉訓  ","105144","46","1219755","11.5","11.8","11.5","11.6","-","0.2","11.6","21","11.65","1","15.89"
"3033  ","威健  ","8955849","2178","162022118","18.1","18.1","17.95","18.1","+","1.15","18.1","3,295","--","0","11.83"
"3034  ","聯詠  ","10193300","5465","769545629","76.9","77.8","74.8","75","-","2.3","75","3","75.1","7","13.91"
"3035  ","智原  ","15195372","5906","877674001","59.3","59.5","56.8","57.4","-","2.4","57.3","47","57.4","16","31.03"
"3036  ","文曄  ","1084492","416","24638939","23.05","23.1","22.4","22.7","-","0.35","22.7","9","22.8","65","47.29"
"3037  ","欣興  ","2887823","1040","106384691","37","37.45","36.6","36.7","-","0.8","36.7","8","36.75","54","19.52"
"3038  ","全台  ","4825935","1132","54713173","11","11.6","10.95","11.1","+","0.1","11.1","82","11.15","3","0.00"
"3040  ","遠見  ","62000","26","695900","11.2","11.5","11.15","11.15","-","0.3","11.2","3","11.25","7","53.1"
"3041  ","揚智  ","4562336","1976","303162176","68","68.4","65.5","66","-","2","66","119","66.1","4","39.29"
"3042  ","晶技  ","5724366","2158","243033407","43.2","44","41.7","42","-","1.8","42","19","42.1","4","15.5"
"3043  ","科風  ","674664","314","16046766","23.8","24.3","23.6","23.6","-","0.7","23.6","37","23.7","19","0.00"
"3044  ","健鼎  ","2295146","1325","187948572","81","82.5","81","82","+","1","81.9","5","82","56","18.94"
"3045  ","台灣大","31342088","4668","1869669420","58.5","60.6","58.5","59.6","+","0.3","59.6","18","60","10","16.11"
"3046  ","建碁  ","2335390","287","28642255","12.5","12.85","12.2","12.2","-","0.65","12.2","42","12.25","58","67.78"
"3047  ","訊舟  ","9207042","2349","161987907","18.15","18.15","17.1","17.4","-","0.95","17.4","117","17.45","10","66.92"
"3048  ","益登  ","308000","84","3617900","11.85","12","11.65","11.8","-","0.05","11.7","33","11.8","10","0.00"
"3049  ","和鑫  ","9522020","2124","166239540","17.3","17.65","17.15","17.5","+","0.2","17.45","39","17.5","129","0.00"
"3050  ","鈺德  ","1889047","558","24813311","13.2","13.35","13","13.1","-","0.1","13.1","12","13.15","13","0.00"
"3051  ","力特  ","231953","30","290950","1.24","1.27","1.24","1.24","-","0.02","1.24","2","1.26","49","0.00"
"3052  ","夆典  ","1802030","511","24633504","14","14","13.4","13.6","-","0.4","13.6","46","13.65","8","7.27"
"3054  ","萬國  ","178005","69","3988009","22.3","22.7","22.25","22.3","-","0.5","22.25","12","22.65","15","20.09"
"3055  ","蔚華科","173564","90","2971088","17","17.25","17","17.1","-","0.15","17.1","32","17.15","12","16.44"
"3056  ","總太  ","110137","53","1678210","15.45","15.45","15.2","15.2","+","0.2","15.2","17","15.25","3","0.00"
"3057  ","喬鼎  ","329908","122","5268994","15.95","16.1","15.8","15.9"," ","0","15.85","6","15.9","10","22.71"
"3058  ","立德  ","401278","149","8256297","20.85","20.85","20.45","20.6","-","0.25","20.55","10","20.6","5","6.17"
"3059  ","華晶科","2574535","1335","149769230","58","58.7","57.4","58"," ","0","58","70","58.4","2","12.53"
"3060  ","銘異  ","2423403","707","81415346","34.95","35.1","33","33.5","-","1.6","33.45","19","33.5","37","22.64"
"3061  ","璨圓  ","10071279","4413","453945597","44.8","45.95","44.1","45.55","+","0.55","45.5","97","45.55","32","0.00"
"3062  ","建漢  ","2748015","1401","114476118","41","42.25","41","41.6"," ","0","41.6","2","41.7","6","32"
"3063  ","飛信  ","2506259","694","26909366","10.85","11.1","10.5","10.6","-","0.4","10.6","37","10.65","77","0.00"
"3080  ","威力盟","1745198","787","58853757","33.6","34.3","33.1","33.4","-","0.2","33.35","18","33.4","3","0.00"
"3090  ","日電貿","599178","331","18181306","31.3","31.3","30","30.1","-","1.2","30.1","2","30.2","5","12.54"
"3094  ","聯傑  ","947862","535","42012058","45.55","45.55","43.55","44.65","-","0.55","44.65","20","44.7","5","42.52"
"3130  ","一零四","23000","16","1679700","73.2","73.4","72.5","73.1","-","0.1","72.5","2","73.1","2","13.61"
"3189  ","景碩  ","4354636","1646","389616002","91.7","91.8","88.4","88.7","-","3.2","88.7","3","89","1","21.79"
"3209  ","全科  ","360510","141","7618434","21","21.3","20.8","21.15","+","0.05","21.1","26","21.15","1","9.75"
"3231  ","緯創  ","9179829","4295","547039511","61.7","61.7","58.7","59","-","2.7","59","687","59.1","7","15.45"
"3296  ","勝德  ","391150","174","11307968","29.5","29.5","28.5","28.95","-","0.6","28.9","10","28.95","2","12.22"
"3305  ","昇貿  ","1479556","824","99378180","67","68.2","66.6","66.9","-","0.1","66.8","15","66.9","5","19.17"
"3308  ","聯德  ","49443","27","1011258","20.35","20.7","20.35","20.7"," ","0","20.65","1","20.7","39","14.28"
"3311  ","閎暉  ","807211","483","71787668","89","90.7","88","88","-","1.8","88","31","88.3","1","14.06"
"3315  ","宣昶  ","322745","168","9348579","29","29.4","28.5","29.1","+","0.1","29","5","29.1","11","10.07"
"3356  ","奇偶  ","344555","292","43902485","132","132","125","126","-","4.5","126","2","126.5","2","12.57"
"3367  ","英華達","1209049","459","37825571","31.85","31.9","31","31.3","-","0.6","31.15","10","31.3","2","17.49"
"3376  ","新日興","583968","490","104735304","182","182","177","178","-","2.5","177.5","23","178","6","17.3"
"3380  ","明泰  ","12841370","4216","335043801","25.8","26.4","25.7","25.9","+","0.3","25.9","35","26","30","13.49"
"3383  ","新世紀","2488491","1277","97382849","38.35","39.8","38.35","39.1","+","0.75","39.1","10","39.15","4","0.00"
"3406  ","玉晶光","216170","130","10626488","50","50","48.8","48.8","-","1.2","48.8","5","48.95","2","0.00"
"3419  ","譁裕  ","1054065","396","17044184","16.7","16.8","15.7","15.95","-","0.85","15.95","10","16","2","37.98"
"3443  ","創意  ","1242197","915","186710243","152.5","154","149","149","-","4","149","78","149.5","3","33.79"
"3450  ","聯鈞  ","6722156","2400","225468692","35.4","35.4","31.85","32.35","-","1.85","32.3","6","32.35","5","53.03"
"3474  ","華亞科","28312824","5544","586168142","20.7","21.1","20.45","20.45","-","0.15","20.45","420","20.5","65","0.00"
"3481  ","群創  ","21285802","8283","836585821","40.05","40.3","38.9","39.05","-","1.3","39.05","42","39.1","64","0.00"
"3494  ","誠研  ","1178482","412","22982648","19.25","19.85","19.25","19.6","+","0.6","19.55","1","19.6","4","10.77"
"3501  ","維熹  ","428593","300","20878064","49.3","50","48","48.6","-","1","48.6","4","48.7","3","13.03"
"3504  ","揚明光","1399137","991","204443365","153","154","143.5","144","-","10","144","16","144.5","1","29.45"
"3514  ","昱晶  ","4952233","2146","247477470","50.7","51.1","48.95","49.1","-","1.6","49.1","62","49.15","4","0.00"
"3515  ","華擎  ","176237","167","22363599","129","129","126","126","-","3","126","22","127","1","19"
"3518  ","柏騰  ","443284","309","41306769","94.9","94.9","92.2","92.7","-","2.4","92.7","10","92.8","3","13.47"
"3519  ","綠能  ","1755295","1258","131667625","76.3","76.8","74.1","74.5","-","1.8","74.5","105","74.6","7","18.26"
"3532  ","台勝科","141782","126","11351869","80.1","81","79.7","79.8","-","1.4","79.7","2","79.8","1","137.59"
"3533  ","嘉澤  ","731005","398","56853485","79.2","79.9","77","77","-","2.2","77","28","77.1","10","21.57"
"3534  ","雷凌  ","902078","600","78337196","88.4","89","85.6","86.2","-","2.2","86.2","12","86.5","2","20.67"
"3535  ","晶彩科","1074944","439","22792016","20.5","21.6","20.5","21.2","+","0.7","21.2","17","21.25","5","12.11"
"3536  ","誠創  ","766000","194","7268640","9.5","9.59","9.41","9.41","-","0.11","9.41","30","9.49","50","0.00"
"3545  ","敦泰  ","1159530","651","57683826","51.6","51.7","49","49.3","-","2","49.3","22","49.4","25","23.36"
"3557  ","嘉威  ","2954973","1518","129644883","45.1","45.7","43.1","43.55","-","2.1","43.55","15","43.6","1","42.7"
"3559  ","全智科","13097896","2973","257256440","19.8","19.8","19.2","19.8","+","1.25","19.8","119","--","0","17.68"
"3561  ","昇陽科","560074","288","11957654","21.5","21.9","21.1","21.1","-","0.65","21.1","43","21.3","8","211"
"3573  ","穎台  ","2047960","1693","457660460","225","229","218","223","-","8.5","223","33","223.5","2","62.46"
"3576  ","新日光","3320874","1474","132241710","40.7","40.9","39.1","39.1","-","1.6","39.1","26","39.3","12","0.00"
"3588  ","通嘉  ","625654","539","124838492","200.5","206","197","198","-","6","198","9","199","1","48.65"
"3593  ","力銘  ","3674310","1721","148376300","41.7","41.9","39.5","40","-","1.7","39.9","53","40","128","25.16"
"3596  ","智易  ","678600","369","50447879","74.5","74.9","74","74.1","-","0.5","74.1","2","74.4","5","17.77"
"3605  ","宏致  ","399450","326","50641600","127","129","125.5","128"," ","0","127.5","9","128","10","12.8"
"3614  ","誠致  ","148855","135","11983855","81.6","81.8","80","80.3","-","1.2","80.3","1","80.8","1","28.37"
"3622  ","洋華  ","1611889","1353","690710714","428","435","423","426","-","9","425.5","9","426","3","29.71"
"3701  ","大眾控","3748","16","12145","3.27","3.27","3.27","3.27","-","0.18","3.27","8","3.66","4","0.00"
"3702  ","大聯大","7110715","3160","316572937","44.5","45.15","44","44.1"," ","0","44.1","57","44.2","6","18.07"
"4104  ","佳醫  ","1073130","694","74507417","70.7","71.1","68.5","69","-","1.8","68.9","35","69","5","21.17"
"4106  ","雃博  ","655641","310","22391394","34.5","34.75","33.65","34.1","-","0.6","34.1","20","34.2","2","12.97"
"4108  ","懷特  ","425759","280","22003330","52","52.4","51.1","51.2","-","1","51.2","17","51.3","3","0.00"
"4119  ","旭富  ","146948","130","10551308","72","72.5","71.4","71.7","+","0.1","71.6","15","71.9","2","17.53"
"4306  ","炎洲  ","2061521","882","43384817","21.3","21.3","20.85","20.95","-","0.35","20.95","9","21","30","7.35"
"4414  ","如興  ","403000","55","1218380","3.05","3.07","3","3.01","-","0.02","3.01","45","3.04","28","0.00"
"4526  ","東台  ","189232","124","4448760","23.7","23.8","23.3","23.5","-","0.15","23.4","14","23.5","10","19.42"
"4532  ","瑞智  ","607759","203","4987682","8.28","8.3","8.16","8.16","-","0.12","8.16","11","8.19","10","0.00"
"4725  ","信昌化","112000","65","3461850","31.4","31.4","30.8","31","+","0.2","30.9","2","31","20","0.00"
"4904  ","遠傳  ","2759298","1267","103014211","37.2","37.45","37.2","37.35","+","0.05","37.35","68","37.4","11","12.75"
"4906  ","正文  ","1235384","815","62934384","51","51.2","50.6","51","+","0.3","51","34","51.1","37","14.57"
"5203  ","訊連  ","769497","570","100202113","132","133","129","130","-","2","129.5","29","130.5","1","14.82"
"5305  ","敦南  ","6364017","1970","143575376","22.25","22.9","22","22.6","+","0.1","22.6","68","22.65","48","0.00"
"5388  ","中磊  ","1284101","509","23355121","18.45","18.6","18","18.1","-","0.2","18.1","32","18.15","6","18.28"
"5434  ","崇越  ","754998","318","23254029","31","31.2","30.5","30.7","-","0.5","30.7","27","30.75","9","33.37"
"5469  ","瀚宇博","1287479","476","36451503","28.75","28.75","28.15","28.25","-","0.5","28.25","2","28.3","6","17.23"
"5471  ","松翰  ","1767492","1017","114803175","66.6","66.7","64.4","64.8","-","1.8","64.8","22","64.9","22","16.7"
"5484  ","慧友  ","372725","153","9006762","24.3","24.4","23.8","24.3","-","0.4","24.1","32","24.3","38","13.58"
"5515  ","建國  ","1499674","418","25837848","17.45","17.45","17.1","17.1","-","0.4","17.1","87","17.15","24","12.04"
"5522  ","遠雄  ","3026735","1559","225931908","75.5","75.8","73.8","75","-","0.8","74.8","23","75","40","13.49"
"5525  ","順天  ","172200","106","2844989","16.6","16.9","16.35","16.55","-","0.05","16.55","6","16.6","1","22.07"
"5531  ","鄉林  ","1326682","682","48208573","36.9","37","36","36.05","-","1.15","36.05","22","36.1","27","68.02"
"5533  ","皇鼎  ","1601460","476","38175422","24","24.4","23.7","23.85","-","0.4","23.85","2","23.9","16","8.52"
"5534  ","長虹  ","1864338","1059","126185541","68.5","69","66.7","66.7","-","2.5","66.7","4","66.8","2","13.34"
"5607  ","遠雄港","5982051","2523","222397608","37.7","37.8","36.4","36.4","-","0.15","36.4","10","36.5","21","0.00"
"5608  ","四維航","599909","413","27534971","46.1","46.4","45.7","45.7","-","0.4","45.65","9","45.75","1","4.87"
"5854  ","合庫  ","5062533","1288","98395235","19.4","19.55","19.3","19.5","-","0.05","19.45","25","19.5","68","18.57"
"6005  ","群益證","8366829","1759","135846037","16.45","16.55","16.05","16.2","-","0.35","16.2","30","16.25","32","0.00"
"6012  ","金鼎證","1554497","394","13860776","9","9.05","8.82","8.9","-","0.17","8.9","20","8.93","1","0.00"
"6108  ","競國  ","3104952","1178","117785090","37.8","38.4","37.5","37.8","-","0.8","37.8","96","37.85","14","14.59"
"6112  ","聚碩  ","0","0","0","--","--","--","--"," ","0","--","","--","","0.00"
"6115  ","鎰勝  ","2113387","1041","128095435","61","61.8","60","60.1","-","2","60.1","43","60.2","34","10.91"
"6116  ","彩晶  ","21554285","4101","152502376","7.18","7.2","7.02","7.03","-","0.15","7.03","187","7.04","70","0.00"
"6117  ","迎廣  ","35000","16","531900","15.55","15.55","15.05","15.05","-","0.5","15.05","1","15.2","2","31.35"
"6119  ","大傳  ","355192","131","3635238","10.35","10.45","10.1","10.2","+","0.15","10.2","1","10.25","12","113.33"
"6120  ","達運  ","12319203","3408","399519470","32.3","32.9","31.9","32.55","+","0.25","32.55","23","32.6","4","0.00"
"6128  ","上福  ","3565194","1491","173857699","49.8","49.8","47.5","48.35","-","0.4","48.35","9","48.4","1","16.73"
"6131  ","悠克  ","485428","204","8500195","17.5","17.8","17.4","17.5","-","0.5","17.45","2","17.5","1","11.08"
"6133  ","金橋  ","113372","53","1339538","11.7","12","11.7","11.9","+","0.2","11.85","5","11.9","9","0.00"
"6136  ","富爾特","359457","188","8273459","23","23.15","22.85","23","+","0.1","23","3","23.1","1","10.04"
"6139  ","亞翔  ","144369","78","4131516","28.55","28.9","28.35","28.5","-","0.25","28.5","5","28.65","1","15.41"
"6141  ","柏承  ","532003","205","9634252","18","18.4","17.9","18.15","-","0.35","18.15","9","18.25","2","20.17"
"6142  ","友勁  ","1790492","560","30249584","17.1","17.2","16.7","16.8","-","0.3","16.8","189","16.85","2","15.56"
"6145  ","勁永  ","5374550","1561","108564050","20.5","20.65","19.85","19.95","-","0.25","19.95","37","20","8","0.00"
"6153  ","嘉聯益","5169330","1667","117628604","22.5","23.2","22.35","22.35","-","0.25","22.35","5","22.45","7","37.25"
"6155  ","鈞寶  ","35375","28","1108230","31.55","31.7","31.2","31.25","-","0.55","31.25","1","31.4","1","15.7"
"6164  ","華興  ","765399","298","19039494","25.4","25.45","24.5","24.8","-","0.65","24.8","3","24.9","14","26.96"
"6165  ","捷泰  ","5001154","931","47608430","9.1","9.63","9.06","9.63","+","0.63","9.63","58","--","0","0.00"
"6166  ","凌華  ","150622","56","3233112","21.45","21.55","21.3","21.4","-","0.15","21.4","9","21.55","4","22.77"
"6168  ","宏齊  ","1183305","546","34136350","29.3","29.3","28.55","28.7","-","0.45","28.65","4","28.7","2","54.15"
"6172  ","互億  ","149037","47","756689","5.2","5.2","4.89","4.89","-","0.36","--","0","4.89","2","0.00"
"6176  ","瑞儀  ","3811084","1802","147539485","38.9","39.35","38.15","38.15","-","0.4","38.15","75","38.2","10","18.79"
"6184  ","大豐電","50005","21","2250526","45","45.2","44.85","44.85","-","0.15","44.9","1","45.45","3","10.89"
"6189  ","豐藝  ","461414","221","8800097","18.8","19.4","18.75","19.25","+","0.35","19.2","1","19.25","1","11.74"
"6191  ","精成科","848267","461","15046272","18","18","17.55","17.55","-","0.45","17.55","5","17.6","20","22.79"
"6192  ","巨路  ","1290417","706","86679705","67","68.8","66","66.5","-","0.8","66.5","7","66.7","1","10.8"
"6196  ","帆宣  ","491500","128","6412700","13.15","13.25","12.9","12.9","-","0.25","12.9","10","12.95","18","16.13"
"6197  ","佳必琪","997791","502","45252895","46","46.35","44.9","45","-","1.1","45","60","45.05","4","1125"
"6201  ","亞弘電","174000","96","4773750","27.05","27.9","27.05","27.6","+","0.35","27.6","3","27.8","11","10.26"
"6202  ","盛群  ","2205684","1074","83654435","38.9","39","37.4","37.65","-","1.15","37.65","2","37.8","21","18.37"
"6205  ","詮欣  ","354401","131","10694038","30.5","30.5","29.55","29.55","-","0.95","29.5","16","29.55","1","13.49"
"6206  ","飛捷  ","1092920","539","95576132","85.2","89.2","85.2","89","-","0.2","89","8","89.1","2","12.97"
"6209  ","今國光","577923","262","10589347","18.4","18.6","18.2","18.25","-","0.15","18.25","12","18.3","19","0.00"
"6213  ","聯茂  ","3507120","1160","90586342","26.5","26.6","25.5","25.5","-","1","25.4","57","25.5","135","20.4"
"6215  ","和椿  ","15000","14","260300","17.5","17.5","17.3","17.3","-","0.2","17.1","2","17.35","15","59.66"
"6216  ","居易  ","690100","311","16045569","23.2","23.6","22.9","23.2"," ","0","23.2","7","23.25","1","19.02"
"6224  ","聚鼎  ","642518","386","29841022","47","47.5","46","46.1","-","1.65","46.1","12","46.3","1","21.15"
"6225  ","天瀚  ","10470312","4028","288124644","28.3","28.4","26.6","27","-","0.35","27","5","27.1","9","0.00"
"6226  ","光鼎  ","1123318","346","16850198","14.95","15.2","14.7","14.85","-","0.1","14.85","5","14.95","46","0.00"
"6235  ","華孚  ","4106164","971","55074945","13.5","13.8","13.15","13.15","-","0.35","13.15","170","13.2","26","0.00"
"6239  ","力成  ","1320673","771","123227389","94.3","94.4","92.7","93.6","-","0.9","93.4","4","93.6","14","12.08"
"6251  ","定穎  ","11240000","4483","399915948","35.25","36.3","34.6","34.6","-","0.4","34.6","24","34.8","4","14.12"
"6255  ","奈普  ","1226523","477","26963198","22.1","22.3","21.7","21.7","-","0.45","21.7","55","21.8","4","0.00"
"6257  ","矽格  ","1818842","545","30703640","16.9","17","16.7","16.9"," ","0","16.9","25","16.95","2","19.2"
"6269  ","台郡  ","1046654","505","37086751","36.45","36.45","35","35.4","-","0.6","35.35","29","35.4","8","15.8"
"6271  ","同欣電","956088","657","75713020","82.2","82.4","78.3","78.5","-","4.3","78.5","2","79","2","29.73"
"6277  ","宏正  ","211262","134","9068884","42.95","43.2","42.65","42.8","-","0.1","42.8","29","42.95","3","17.98"
"6281  ","全國電","261132","134","10195130","38.75","39.45","38.75","39","+","0.25","39","4","39.2","2","12.42"
"6282  ","康舒  ","3487072","1149","73990908","21.5","21.5","21.1","21.1","-","0.4","21.1","95","21.15","4","10.14"
"6283  ","淳安  ","471988","167","6403634","13.6","13.75","13.35","13.75","+","0.1","13.65","6","13.75","17","31.98"
"6285  ","啟碁  ","3449875","1450","141844628","41.2","41.7","40.9","40.9","-","0.9","40.9","248","40.95","46","15.91"
"6286  ","立錡  ","2150129","1518","564090600","266.5","268","260","260.5","-","6","260.5","9","261","7","28.88"
"6289  ","華上  ","12327041","3239","176838063","14.15","14.8","14","14","-","0.15","14","292","14.1","15","0.00"
"6505  ","台塑化","1166000","710","96680792","82.1","83.9","81.8","83.8","+","1.8","83.7","8","83.8","12","698.33"
"6605  ","帝寶  ","144309","97","9721603","67.5","68.3","67","67","-","0.5","67","2","67.1","3","12.91"
"8008  ","建興電","2810416","1117","76140343","27.1","27.5","26.9","27","-","0.3","27","67","27.05","56","29.35"
"8016  ","矽創  ","856833","484","52390438","62","62.3","60.2","60.8","-","1.2","60.7","28","60.9","1","18.48"
"8021  ","尖點  ","914870","372","30314082","33.3","33.7","33","33","-","0.6","33","121","33.05","5","25.98"
"8033  ","雷虎  ","3026357","825","46256173","14.65","15.35","14.65","15.35","+","1","15.35","823","--","0","76.75"
"8046  ","南電  ","2620621","1435","288951616","113","113","108.5","109","-","4.5","109","24","109.5","6","17"
"8070  ","長華  ","904115","401","101684495","115","115.5","109.5","114","-","2","114","4","114.5","20","66.28"
"8072  ","陞泰  ","460717","327","47205134","103","105","101","102","-","3.5","102","3","102.5","3","10.66"
"8078  ","華寶  ","9926807","4019","356799936","35.65","36.4","35.25","35.25"," ","0","35.25","60","35.3","85","24.48"
"8081  ","致新  ","920607","645","138147550","154","155","148","148.5","-","5.5","148.5","26","149","3","20.65"
"8101  ","華冠  ","1092400","377","12801107","11.75","11.9","11.6","11.65","-","0.1","11.6","71","11.65","57","0.00"
"8105  ","凌巨  ","1216748","563","22447930","18.8","18.85","18.3","18.3","-","0.4","18.3","155","18.35","21","0.00"
"8110  ","華東  ","3125942","889","29677325","9.9","9.96","9.22","9.44","-","0.46","9.44","76","9.45","5","314.67"
"8112  ","至上  ","16643587","4737","326260303","19.9","20.1","19","19","-","0.9","19","87","19.15","15","23.17"
"8131  ","福懋科","1281127","485","41052988","33","33","31.55","31.75","-","1.4","31.75","9","31.8","24","0.00"
"8163  ","達方  ","1723374","938","91519846","52.8","53.7","52.6","53.1","+","0.5","53","38","53.1","1","33.19"
"8201  ","無敵  ","471755","248","15450892","32.45","33.3","32.45","32.5","+","0.05","32.5","4","32.6","1","0.00"
"8249  ","菱光  ","533446","220","10889864","20.5","20.8","20.25","20.25","-","0.25","20.25","13","20.4","1","35.53"
"8374  ","羅昇  ","100925","74","2730575","27.05","27.2","26.85","27"," ","0","26.95","1","27","1","16.56"
"8926  ","台汽電","796009","278","12061676","15.25","15.25","15.1","15.1","-","0.1","15.05","98","15.1","1","6.77"
"8940  ","新天地","43930","33","971405","22.3","22.4","21.85","22.05","-","0.3","22","1","22.05","4","29.4"
"9102  ","東亞科","285000","45","1432080","5.01","5.07","4.95","5.02","+","0.01","5.02","25","5.03","4","0.00"
"9103  ","美德醫","2125968","669","28479834","13.45","13.7","13.2","13.2","-","0.3","13.2","90","13.25","3","0.00"
"9104  ","萬宇科","1000","1","17750","17.75","17.75","17.75","17.75","X","0","16.85","2","17.8","1","0.00"
"9105  ","泰金寶","7052234","1017","37500069","5.36","5.39","5.29","5.31","-","0.09","5.31","104","5.32","46","0.00"
"9136  ","巨騰  ","1947100","999","87919424","46.5","46.5","44.7","45","-","1.5","45","21","45.2","4","0.00"
"9151  ","旺旺  ","1225000","484","26511150","21.8","21.9","21.5","21.5","-","0.3","21.5","13","21.55","33","0.00"
"9902  ","台火  ","832037","234","10751925","12.9","13.15","12.8","12.85","-","0.3","12.85","5","12.95","5","0.00"
"9904  ","寶成  ","8434614","2010","172922706","20.6","20.8","20.4","20.45","-","0.35","20.45","260","20.5","24","15.73"
"9905  ","大華  ","488006","180","9923221","20.6","20.6","20.1","20.1","-","0.6","20.1","78","20.2","19","17.33"
"9906  ","欣巴巴","0","0","0","--","--","--","--"," ","0","--","0","0.93","10","15.5"
"9907  ","統一實","1292160","355","14906587","11.6","11.65","11.5","11.5","-","0.1","11.5","386","11.55","38","42.59"
"9908  ","大台北","305223","96","4893045","16","16.15","15.95","16.05","-","0.1","16","75","16.05","28","15"
"9910  ","豐泰  ","288282","121","7261624","25.45","25.45","25","25.45","-","0.15","25.3","4","25.45","83","9.43"
"9911  ","櫻花  ","820083","238","10390689","12.8","12.85","12.55","12.6","-","0.1","12.6","33","12.65","1","24.23"
"9912  ","偉聯  ","75370","26","518345","7.03","7.03","6.8","6.85","-","0.19","6.83","5","6.85","6","0.00"
"9914  ","美利達","1123600","577","59562778","53.5","53.8","52.7","53","-","0.8","52.9","23","53","5","10.43"
"9917  ","中保  ","208547","172","10448010","50.1","50.3","50","50.1"," ","0","50.1","73","50.2","4","18.09"
"9918  ","欣天然","1000","1","24700","24.7","24.7","24.7","24.7","-","0.25","24.7","2","25","4","18.43"
"9919  ","康那香","1081022","438","23881734","22.7","22.7","22","22","-","0.55","22","71","22.05","5","18.33"
"9921  ","巨大  ","1214361","722","101297024","84.1","84.5","83.1","83.2","-","1.4","83.2","17","83.4","100","10.98"
"9922  ","優美  ","983000","21","412860","0.42","0.42","0.42","0.42","-","0.03","--","0","0.42","145","0.00"
"9924  ","福興  ","424371","223","7647822","18.2","18.2","17.85","17.95","+","0.2","17.95","5","18.05","1","13.2"
"9925  ","新保  ","164850","91","3414250","20.8","20.85","20.55","20.8"," ","0","20.7","17","20.8","12","8.78"
"9926  ","新海  ","3896","9","97309","25","25","25","25","-","0.1","25","1","25.35","5","12.5"
"9927  ","泰銘  ","671388","327","27808705","41.4","41.8","41.05","41.4","-","0.4","41.4","4","41.5","3","96.28"
"9928  ","中視  ","966740","274","10333004","10.75","10.9","10.5","10.6","-","0.3","10.55","31","10.6","10","0.00"
"9929  ","秋雨  ","111980","41","334351","3.03","3.05","2.93","2.98","-","0.05","2.96","10","2.98","4","0.00"
"9930  ","中聯資","110929","75","4682908","42.4","42.4","42.05","42.35","-","0.05","42.3","2","42.35","1","12.76"
"9931  ","欣高  ","1013","3","17524","17.3","17.3","17.3","17.3","-","0.3","17.3","1","17.7","1","13.31"
"9933  ","中鼎  ","4073503","1287","124878439","31.5","31.5","30.4","30.45","-","1.1","30.45","21","30.5","7","12.53"
"9934  ","成霖  ","130257","61","2903077","22.8","22.8","22.1","22.4","-","0.5","22.35","2","22.4","6","25.75"
"9935  ","慶豐富","809000","232","5452190","6.74","6.82","6.65","6.66","-","0.08","6.65","15","6.66","96","0.00"
"9937  ","全國  ","266578","104","8331974","31.3","31.45","31","31.3"," ","0","31.3","2","31.35","10","21.15"
"9938  ","百和  ","668373","294","11617582","17.25","17.55","17.2","17.35","+","0.15","17.3","31","17.35","15","55.97"
"9939  ","宏全  ","3230550","1377","164179417","51.3","51.8","50.3","50.6","-","0.7","50.6","27","50.7","1","14.09"
"9940  ","信義  ","546663","274","31055623","57.2","57.6","56.1","57.2","+","0.1","57","10","57.2","16","25.42"
"9941  ","裕融  ","520400","144","15601359","30","30.05","29.9","30","+","0.1","29.95","30","30","34","12.1"
"9942  ","茂順  ","73000","42","2059500","28.05","28.45","28","28.2","+","0.05","28.2","2","28.35","9","11.7"
"9943  ","好樂迪","57005","32","1262460","22.3","22.3","22.05","22.1","-","0.2","22.05","11","22.1","1","10"
"9944  ","新麗  ","401506","175","8954881","22.9","22.9","21.9","21.9","-","1.1","21.9","1","22","4","13.52"
"9945  ","潤泰新","6208429","2300","194477323","32.45","32.45","30.8","30.8","-","1.5","30.8","27","30.85","1","78.97"
"9955  ","佳龍  ","582976","336","33909812","58.4","59.2","57.6","57.7","-","1.2","57.6","38","57.7","35","33.74"
"9958  ","世紀鋼","227518","83","2646107","11.6","11.7","11.6","11.6","-","0.15","11.6","7","11.7","7","0.00"
    
"說明："
"1. 漲跌(+/-)欄位符號說明:+/-/X表示漲/跌/不比價。"
"2. 當證券代號為認購(售)權證及認股權憑證時本益比欄位置為結算價；但如為以外國證券或指數為標的之認購(售)權證及履約方式採歐式者，該欄位為空白。"
"3. 除境外指數股票型基金及外國股票第二上市外，餘交易單位皆為千股。"
"4. 本統計資訊含一般、零股、盤後定價、鉅額交易，不含拍賣、標購。"

