

2010年09月07日大盤統計資訊
"指數","收盤指數","漲跌(+/-)","漲跌點數","漲跌百分比(%)"
發行量加權股價指數,7884.4,-,6.55,-0.08
臺灣50指數,5257.41,-,0.05,---
臺灣中型100指數,7159.62,-,23.42,-0.33
臺灣資訊科技指數,6269.39,+,1.54,0.02
臺灣發達指數,6794.37,-,4.34,-0.06
臺灣高股息指數,5791.66,-,16.25,-0.28
未含金融保險股指數,6701.88,-,2.97,-0.04
未含電子股指數,11444.5,+,23.8,0.21
未含金融電子股指數,10121.73,+,42.09,0.42
水泥窯製類指數,469.41,-,5.18,-1.09
塑膠化工類指數,757.88,+,2.23,0.3
機電類指數,1731.59,-,5.89,-0.34
水泥類指數,105.74,-,1.14,-1.07
食品類指數,812.52,-,2.07,-0.25
塑膠類指數,214.67,+,1.48,0.69
紡織纖維類指數,426.44,-,1.5,-0.35
電機機械類指數,93.95,-,0.15,-0.16
電器電纜類指數,58.51,-,0.28,-0.48
化學生技醫療類指數,119.66,-,0.72,-0.6
化學類指數,125.74,-,1.11,-0.88
生技醫療類指數,77.57,+,0.35,0.45
玻璃陶瓷類指數,73.95,-,0.86,-1.15
造紙類指數,196.87,-,1.42,-0.72
鋼鐵類指數,114.75,+,3.99,3.6
橡膠類指數,245.61,-,1.37,-0.55
汽車類指數,142.36,-,0.54,-0.38
電子類指數,308.66,-,1.06,-0.34
半導體類指數,73.75,-,0.62,-0.83
電腦及週邊設備類指數,86.25,+,0.18,0.21
光電類指數,60.35,-,0.37,-0.61
通信網路類指數,125.14,+,1.14,0.92
電子零組件類指數,85.24,-,0.2,-0.23
電子通路類指數,145.54,-,1.51,-1.03
資訊服務類指數,99.74,-,0.7,-0.7
其他電子類指數,68.51,-,0.68,-0.98
建材營造類指數,307.79,+,3.11,1.02
航運類指數,106.01,-,1.32,-1.23
觀光類指數,167.42,-,0.79,-0.47
金融保險類指數,871.23,-,2.99,-0.34
貿易百貨類指數,195.51,+,1.53,0.79
油電燃氣類指數,96.06,+,1.46,1.54
其他類指數,156.06,-,1.07,-0.68
"報酬指數","收盤指數","漲跌(+/-)","漲跌點數","漲跌百分比(%)"
發行量加權股價報酬指數,10474.89,-,8.69,-0.08
未含金融電子股報酬指數,13567.05,+,56.47,0.42
水泥類報酬指數,115.93,-,1.26,-1.08
食品類報酬指數,844.91,-,2.15,-0.25
塑膠類報酬指數,230.02,+,1.58,0.69
紡織纖維類報酬指數,448.71,-,1.58,-0.35
電機機械類報酬指數,99.27,-,0.16,-0.16
電器電纜類報酬指數,59.83,-,0.29,-0.48
化學生技醫療類報酬指數,127.29,-,0.76,-0.59
化學類報酬指數,134.3,-,1.17,-0.86
生技醫療類報酬指數,81.42,+,0.36,0.44
玻璃陶瓷類報酬指數,75.12,-,0.87,-1.14
造紙類報酬指數,202.93,-,1.46,-0.71
鋼鐵類報酬指數,122.47,+,4.25,3.59
橡膠類報酬指數,258.73,-,1.45,-0.56
汽車類報酬指數,146.51,-,0.56,-0.38
電子類報酬指數,371.39,-,1.28,-0.34
半導體類報酬指數,86.01,-,0.72,-0.83
電腦及週邊設備類報酬指數,101.72,+,0.22,0.22
光電類報酬指數,65.05,-,0.39,-0.6
通信網路類報酬指數,157.26,+,1.43,0.92
電子零組件類報酬指數,100.31,-,0.23,-0.23
電子通路類報酬指數,169.64,-,1.76,-1.03
資訊服務類報酬指數,118.98,-,0.83,-0.69
其他電子類報酬指數,73.56,-,0.73,-0.98
建材營造類報酬指數,331.29,+,3.34,1.02
航運類報酬指數,111.78,-,1.39,-1.23
觀光類報酬指數,171.82,-,0.81,-0.47
金融保險類報酬指數,987.54,-,3.39,-0.34
貿易百貨類報酬指數,203.03,+,1.59,0.79
油電燃氣類報酬指數,102.52,+,1.56,1.55
其他類報酬指數,169.45,-,1.16,-0.68
"成交統計","成交金額(元)","成交股數(股)","成交筆數"
"1.一般股票","124366954666","3370529644","1020509"
"2.台灣存託憑證","1044684691","66112936","15418"
"3.受益憑證","1173890","159000","17"
"4.ETF","420435929","12103251","2176"
"5.受益證券","68232390","6371000","772"
"6.變更交易股票","28724426","6790824","1586"
"7.認購(售)權證","1225362600","1032137000","35280"
"8.轉換公司債","0","0","0"
"9.附認股權特別股","0","0","0"
"10.附認股權公司債","0","0","0"
"11.認股權憑證","0","0","0"
"12.公司債","0","0","0"
"證券合計(1+6)","124395679092","3377320468","1022095"
"總計(1~12)","127155568592","4494203655","1075758"
"漲跌證券數合計"
"類型","整體市場(元)","股票"
"上漲(漲停)",0(0),0(0)
"下跌(跌停)",0(0),0(0)
"持平",0,0
"未成交",0,0
"無比價",0,0
"說明："
"1. 漲跌價差為當日收盤價與前一日收盤價比較。"
"2. 無比價含當日除權、除息、新上市、恢復交易者。"
2010年09月07日
"每日收盤行情("全部(不含權證、牛熊證)")","","","","","","","","","","(元,股)","(元,交易單位)"
"證券代號","證券名稱","成交股數","成交筆數","成交金額","開盤價","最高價","最低價","收盤價","漲跌(+/-)","漲跌價差","最後揭示買價","最後揭示買量","最後揭示賣價","最後揭示賣量","本益比"
="0015  ","富邦  ","159000","17","1173890","7.38","7.4","7.37","7.38"," ","0","7.38","27","7.39","21","0.00"
="0050  ","台灣50","5405515","761","296971175","54.95","55.05","54.8","54.85","-","0.1","54.85","549","54.9","70","0.00"
="0051  ","中100 ","128263","73","3792344","29.56","29.65","29.47","29.47","-","0.09","29.47","1","29.5","1","0.00"
="0052  ","FB科技","7000","5","224820","32","32.28","32","32.28","+","0.48","31.75","3","32.27","1","0.00"
="0053  ","寶電子","44000","33","1123730","25.45","25.6","25.41","25.43"," ","0","25.43","5","25.55","1","0.00"
="0054  ","台商50","41000","28","862880","21.05","21.19","21","21.19","+","0.19","20.98","2","21.15","1","0.00"
="0055  ","寶金融","665000","164","8257440","12.47","12.47","12.35","12.35","-","0.07","12.36","9","12.38","1","0.00"
="0056  ","高股息","156050","67","3808050","24.4","24.46","24.36","24.36","-","0.05","24.31","2","24.39","1","0.00"
="0057  ","FB摩台","18000","4","539060","29.94","29.96","29.94","29.96","+","0.21","29.7","11","29.96","12","0.00"
="0058  ","FB發達","29000","20","879560","30.65","30.9","30.01","30.08","-","0.03","30.24","3","30.59","5","0.00"
="0059  ","FB金融","14000","5","371830","26.57","26.58","26.54","26.58","-","0.14","26.2","13","26.5","13","0.00"
="0060  ","新台灣","42000","36","1107630","26.25","26.5","26.12","26.25","-","0.25","26.25","8","26.58","2","0.00"
="0061  ","寶滬深","5545293","947","98411096","17.73","17.8","17.68","17.7","+","0.01","17.69","20","17.7","45","0.00"
="0080  ","恒中國","7800","29","3797630","484","488.8","483.05","486.85","+","2.65","484.5","2","486.9","1","0.00"
="0081  ","恒香港","330","4","288684","869.8","880","869.8","874.65","+","6.65","874.65","2","875","1","0.00"
="01001T","富邦R1","487000","67","6233640","12.8","12.85","12.78","12.8","+","0.13","12.8","12","12.83","20","0.00"
="01002T","國泰R1","593000","99","6796310","11.4","11.5","11.4","11.5","+","0.15","11.49","28","11.5","50","0.00"
="01003T","新光R1","689000","100","6925270","10.04","10.1","10","10.05","+","0.01","10.04","30","10.05","204","0.00"
="01004T","富邦R2","237000","48","2621680","11","11.1","11","11.1","+","0.1","11.05","5","11.1","44","0.00"
="01005T","三鼎  ","3558000","303","37522590","10.59","10.59","10.33","10.5","+","0.6","10.49","9","10.5","9","0.00"
="01007T","國泰R2","365000","80","4131770","11.3","11.37","11.25","11.34","+","0.12","11.23","13","11.34","13","0.00"
="01008T","駿馬R1","442000","75","4001130","9","9.1","9","9.01","+","0.03","9","21","9.01","31","0.00"
"1101  ","台泥  ","11190065","2747","352450645","32","32","31.2","31.3","-","0.5","31.25","60","31.3","200","12.67"
"1102  ","亞泥  ","2750211","868","84080265","30.55","30.8","30.35","30.6","-","0.2","30.55","38","30.6","9","13.3"
"1103  ","嘉泥  ","1328837","386","20604792","15.5","15.6","15.4","15.45","-","0.05","15.45","11","15.5","1","257.5"
"1104  ","環泥  ","1095721","324","18217565","16.7","16.8","16.45","16.5","-","0.05","16.5","167","16.55","6","11.96"
"1108  ","幸福  ","367263","116","2815215","7.71","7.71","7.59","7.66","-","0.04","7.66","31","7.69","15","0.00"
"1109  ","信大  ","134001","25","1313449","9.79","9.83","9.79","9.81"," ","0","9.81","15","9.83","10","109"
"1110  ","東泥  ","484332","97","5906933","12.35","12.35","12.1","12.1","-","0.3","12.1","85","12.15","3","302.5"
"1201  ","味全  ","5114397","2124","179399001","35","35.5","34.8","34.8","+","0.3","34.75","42","34.8","46","24.86"
"1203  ","味王  ","223671","110","5848692","26","26.4","26","26"," ","0","25.95","7","26","17","68.42"
"1210  ","大成  ","1948422","796","58182316","29.8","30.1","29.7","29.7","-","0.05","29.7","42","29.8","59","20.2"
"1213  ","大飲  ","638158","263","17389803","27.25","27.25","27.25","27.25","+","1.75","27.25","1,018","--","0","143.42"
"1215  ","卜蜂  ","1942906","707","35370090","18.4","18.4","18.05","18.15","-","0.15","18.1","55","18.15","18","17.12"
"1216  ","統一  ","5732279","1799","215270847","37.8","37.8","37.3","37.35","-","0.05","37.35","85","37.4","5","17.87"
"1217  ","愛之味","14946643","3511","201521646","13.2","13.75","13.15","13.4","+","0.35","13.4","134","13.45","37","670"
"1218  ","泰山  ","4197658","1505","69921053","16.75","16.9","16.4","16.45","-","0.2","16.4","146","16.45","2","33.57"
"1219  ","福壽  ","831875","341","10908975","13.05","13.25","12.9","13.05"," ","0","13.05","25","13.1","70","23.3"
"1220  ","台榮  ","802100","301","10295050","13","13.1","12.5","12.6","-","0.3","12.6","49","12.65","6","210"
"1225  ","福懋油","2765301","874","39561282","14.2","15","14.05","14.3","X","0","14.3","31","14.35","1","23.06"
"1227  ","佳格  ","1115188","666","87395700","79.5","79.6","77.6","77.7","-","1.3","77.7","26","77.8","5","18.33"
"1229  ","聯華  ","4544436","1131","89335995","19.9","19.9","19.5","19.5","-","0.4","19.5","91","19.55","81","9.75"
"1231  ","聯華食","2476000","807","64198100","25.9","26.2","25.65","25.7"," ","0","25.7","19","25.75","8","14.86"
"1232  ","大統益","149406","84","6038002","40.45","40.5","40.3","40.4","-","0.1","40.3","19","40.4","2","12.13"
"1233  ","天仁  ","97424","64","5107964","52.2","52.9","52","52","-","0.2","52","16","52.2","9","21.4"
"1234  ","黑松  ","1400308","514","33014870","23.25","23.85","23.25","23.45","+","0.2","23.45","109","23.5","16","38.44"
"1235  ","興泰  ","1180229","778","73135011","63.4","64.1","59.6","60","-","2.4","60","1","60.3","3","157.89"
"1236  ","宏亞  ","338543","156","8116532","24.4","24.6","23.5","23.8","-","0.5","23.6","5","23.8","5","12.08"
"1301  ","台塑  ","8232935","1944","591357878","71.8","72.2","71.4","72","+","0.2","71.9","153","72","824","11.94"
"1303  ","南亞  ","6067956","1913","384727450","63.1","63.7","62.7","63.6","+","0.5","63.6","53","63.7","142","14.36"
"1304  ","台聚  ","48023078","8760","1125279213","22.25","23.7","22.2","23.7","+","1.55","23.7","2,456","--","0","10.04"
"1305  ","華夏  ","3535012","831","42237240","11.8","12.1","11.75","11.8","+","0.05","11.8","267","11.85","151","69.41"
"1307  ","三芳  ","542193","157","19328649","35.5","35.9","35.4","35.5","-","0.05","35.5","186","35.6","2","11.91"
"1308  ","亞聚  ","4923839","1815","144318031","28.9","29.65","28.8","29","+","0.1","29","24","29.05","1","8.79"
"1309  ","台達化","1799448","451","21243058","11.6","11.9","11.6","11.85","+","0.25","11.8","31","11.85","42","10.97"
"1310  ","台苯  ","2576814","895","35519355","13.65","13.9","13.65","13.7","+","0.05","13.7","70","13.75","9","0.00"
"1312  ","國喬  ","10991592","2349","168360476","15.2","15.45","15.2","15.2","+","0.1","15.2","57","15.25","41","8.49"
"1312A ","國喬特","44000","14","799200","18.4","18.4","18.1","18.3","+","0.15","18.2","1","18.3","11","0.00"
"1313  ","聯成  ","9482741","1616","186429109","19.6","19.9","19.5","19.7","+","0.1","19.6","124","19.7","113","8.57"
"1314  ","中石化","19893596","3923","408593100","20.3","20.75","20.25","20.55","+","0.4","20.55","1,638","20.6","288","9.13"
"1315  ","達新  ","62493","36","1394445","22.4","22.4","22.15","22.2","-","0.35","22.15","19","22.2","3","47.23"
"1316  ","上曜  ","173500","38","1904400","11.1","11.2","10.75","10.8","-","0.2","10.8","3","10.9","6","0.00"
"1319  ","東陽  ","4247095","1482","212347100","50.6","50.9","49.7","49.95","-","0.45","49.9","7","49.95","277","15.32"
"1321  ","大洋  ","142000","57","3139000","22.3","22.5","22","22","-","0.3","22","27","22.2","1","0.00"
"1323  ","永裕  ","603259","251","13409188","21.4","22.9","21.4","22.3","+","0.55","22.3","3","22.4","4","11.09"
"1324  ","地球  ","1053347","514","25138137","24.45","24.7","23.6","23.6","-","0.7","23.6","54","23.7","21","20"
"1325  ","恆大  ","796600","397","20282518","25.3","25.6","25.2","25.6","+","0.6","25.55","1","25.6","2","12.93"
"1326  ","台化  ","5825017","2478","425071295","72.7","73.6","72.5","73.3","+","0.6","73.3","228","73.4","21","9.68"
"1402  ","遠東新","6261336","2116","236003863","37.95","38.1","37.1","37.15","-","0.5","37.15","71","37.2","141","19.66"
"1409  ","新纖  ","9893419","1666","124945133","12.7","12.75","12.5","12.55","-","0.15","12.55","153","12.6","146","18.73"
"1410  ","南染  ","99584","39","1564102","15.8","15.8","15.6","15.6","-","0.2","15.6","12","15.7","13","38.05"
"1413  ","宏洲  ","356630","87","2814514","7.8","8","7.8","7.86","+","0.06","7.86","22","7.89","3","0.00"
"1414  ","東和  ","1064843","238","6457116","6.03","6.13","6.01","6.09","+","0.06","6.09","11","6.1","19","0.00"
"1416  ","廣豐  ","3600135","793","32135932","8.88","9.08","8.8","8.99","+","0.14","8.99","3","9","156","23.66"
"1417  ","嘉裕  ","7347645","1482","81298325","11.1","11.25","10.85","10.95","-","0.05","10.95","27","11","285","68.44"
"1418  ","東華  ","730500","205","7013259","9.51","9.68","9.51","9.58","-","0.1","9.58","2","9.6","3","4.58"
"1419  ","新紡  ","1501698","578","55520904","37","37.4","36.35","36.8","-","0.05","36.75","1","36.8","17","85.58"
"1423  ","利華  ","361417","85","2921832","8.06","8.12","8.06","8.07","+","0.01","8.07","13","8.09","5","115.29"
"1432  ","大魯閣","21348","12","216243","10.25","10.25","10","10.15","-","0.15","9.59","1","10.1","3","0.99"
"1434  ","福懋  ","1105244","259","27602171","25","25.1","24.8","25.05","+","0.05","25","174","25.05","105","15"
"1435  ","中福  ","2845972","882","30316606","10.9","11.1","10.45","10.5","-","0.4","10.5","101","10.55","3","3.96"
"1436  ","華友聯","99478","45","825165","8.32","8.38","8.28","8.33","-","0.01","8.33","11","8.36","12","0.00"
"1437  ","勤益控","644972","233","13336823","20.65","20.9","20.4","20.6","+","0.05","20.6","18","20.65","36","21.68"
"1438  ","裕豐  ","6255","6","12510","2","2","2","2","X","0","--","0","2","9","0.00"
"1439  ","中和  ","2139120","1340","94602890","43.6","45.1","43","43.95","+","0.35","43.95","4","44","10","2"
"1440  ","南紡  ","14108667","2347","222914051","15.4","16.05","15.4","15.7","+","0.3","15.7","92","15.75","111","14.02"
"1441  ","大東  ","133567","59","983355","7.34","7.4","7.34","7.38","+","0.04","7.36","5","7.38","2","0.00"
"1442  ","名軒  ","1347249","361","28431990","20.7","21.4","20.7","21","+","0.15","21","3","21.05","6","5.87"
"1443  ","立益  ","1311253","266","4748944","3.6","3.71","3.57","3.6","+","0.01","3.6","27","3.62","8","0.00"
"1444  ","力麗  ","10915794","2445","163066710","14.75","15.15","14.65","14.95","+","0.2","14.95","71","15","284","9.9"
"1445  ","大宇  ","170702","64","1517634","8.89","8.93","8.75","8.85","-","0.04","8.83","4","8.85","2","46.58"
"1446  ","宏和  ","300171","80","5081868","16.9","17.15","16.9","16.95","-","0.2","16.95","3","17.05","5","0.00"
"1447  ","力鵬  ","9220603","1848","137550454","14.4","15.2","14.4","15","+","0.6","15","37","15.05","202","9.55"
"1449  ","佳和  ","1912664","392","7408142","3.9","4","3.75","3.93"," ","0","3.9","36","3.93","25","0.00"
"1452  ","宏益  ","1106483","312","14791625","13.3","13.5","13.25","13.3","+","0.15","13.3","23","13.4","5","10.64"
"1453  ","大將  ","111955","46","1438620","12.85","12.85","12.85","12.85","+","0.8","12.85","2,501","--","0","19.18"
"1454  ","台富  ","200246","80","1727711","8.64","8.9","8.51","8.53","-","0.14","8.53","3","8.74","1","426.5"
"1455  ","集盛  ","12395200","2529","194173400","15.6","15.85","15.45","15.55","+","0.1","15.55","41","15.6","36","7.89"
"1456  ","怡華  ","222865","29","455396","2.02","2.19","2.02","2.19","+","0.02","2.06","2","2.19","20","0.00"
"1457  ","宜進  ","1497408","330","13697965","9.17","9.23","9.08","9.1","-","0.05","9.09","8","9.1","75","18.96"
"1459  ","聯發  ","486394","154","5630379","11.55","11.65","11.45","11.55","+","0.05","11.5","4","11.55","10","19.25"
"1460  ","宏遠  ","470218","102","3125799","6.6","6.73","6.6","6.68","-","0.01","6.66","18","6.68","15","0.00"
"1463  ","強盛  ","800315","141","7764997","9.8","9.8","9.58","9.75","-","0.05","9.6","5","9.75","7","12.34"
"1464  ","得力  ","1750250","529","24864999","14.1","14.45","13.9","14.2","+","0.2","14.2","77","14.25","6","101.43"
"1465  ","偉全  ","1961448","348","32378013","16","16.8","16","16.4","+","0.55","16.4","3","16.45","22","20"
"1466  ","聚隆  ","3435367","687","91633642","25.5","26.85","25.5","26.85","+","1.75","26.85","4,018","--","0","12.67"
"1467  ","南緯  ","1667500","457","21486298","13","13.2","12.7","12.7","-","0.4","12.7","4","12.75","5","35.28"
"1468  ","昶和  ","43170","24","729490","16.7","17","16.7","16.95","-","0.1","16.85","6","16.95","8","0.00"
"1469  ","理隆  ","641000","251","9853350","14.55","16.15","14.1","15.25","+","0.15","15","3","15.3","2","42.36"
"1470  ","大統染","26019","16","265494","10.35","10.35","10","10.2","-","0.4","10.1","2","10.2","2","18.21"
"1471  ","首利  ","1232270","620","27083169","22.3","22.3","21.75","21.85","-","0.5","21.85","27","21.9","8","20.61"
"1472  ","三洋紡","1123000","229","6444960","5.85","5.85","5.65","5.67","-","0.08","5.67","39","5.69","7","0.00"
"1473  ","台南  ","1580890","632","73273960","46.5","46.7","45.8","46.1","-","0.25","46.1","4","46.3","5","15.84"
"1474  ","弘裕  ","1096100","294","11454849","10.3","10.6","10.3","10.45","+","0.2","10.45","37","10.5","48","19.35"
"1475  ","本盟  ","89000","61","1265700","14.55","14.55","13.85","14","-","0.7","14","2","14.1","1","0.00"
"1476  ","儒鴻  ","3516491","1328","141802630","40","41.3","39.3","40.3","+","0.5","40.25","5","40.3","16","15.15"
"1477  ","聚陽  ","436553","217","33369478","76.9","76.9","76.1","76.1","-","0.7","76.1","28","76.3","7","11.73"
"1503  ","士電  ","390967","185","14132364","36.4","36.45","35.85","35.9","-","0.5","35.9","56","35.95","23","29.92"
"1504  ","東元  ","5486104","1568","86107261","15.85","15.85","15.65","15.7","-","0.15","15.65","175","15.7","17","11.13"
"1506  ","正道  ","4038000","596","68636597","16.7","17.25","16.5","17.25","+","0.6","17.2","46","17.25","194","0.00"
"1507  ","永大  ","4033371","1669","170157925","40.7","43.1","40.6","41.55","+","0.55","41.55","8","41.6","1","14.08"
"1512  ","瑞利  ","398383","124","3312866","8.21","8.45","8.17","8.45","+","0.29","8.45","7","8.46","7","0.00"
"1513  ","中興電","795007","284","14071370","17.8","17.8","17.6","17.65"," ","0","17.65","4","17.7","66","21.79"
"1514  ","亞力  ","902375","306","11241186","12.35","12.6","12.3","12.3","-","0.05","12.3","36","12.4","9","205"
"1515  ","力山  ","419000","104","4303600","10.45","10.45","10.2","10.3","-","0.15","10.25","60","10.35","3","11.84"
"1516  ","川飛  ","1440223","505","13112762","8.9","9.29","8.9","9.17","+","0.32","9.15","10","9.17","106","0.00"
"1517  ","利奇  ","2071631","510","31878153","15.4","15.5","15.2","15.35","+","0.1","15.35","29","15.4","4","10.17"
"1519  ","華城  ","733310","355","16999478","23.3","23.45","23.05","23.05","-","0.25","23.05","15","23.1","3","15.26"
"1521  ","大億  ","896397","433","63327590","71","72","69","70.9","-","0.1","70.4","1","70.9","3","14.59"
"1522  ","堤維西","1255566","512","26697086","21.35","21.45","21.05","21.05","-","0.2","21.05","23","21.2","17","14.42"
"1524  ","耿鼎  ","319074","75","3713415","11.6","11.7","11.55","11.6"," ","0","11.6","33","11.65","4","1160"
"1525  ","江申  ","473271","317","25064226","54","54","52.6","52.6","-","1.4","52.6","20","52.7","9","10.31"
"1526  ","日馳  ","120062","48","799035","6.68","6.88","6.56","6.75","+","0.07","6.73","2","6.76","1","96.43"
"1527  ","鑽全  ","424600","215","13174880","31.45","31.45","30.8","30.8","-","0.35","30.75","21","30.8","9","15.4"
"1528  ","恩德  ","1446821","378","23257401","16.2","16.3","15.9","16"," ","0","16","104","16.05","20","18.6"
"1529  ","樂士  ","180000","34","1094400","6.08","6.08","6.08","6.08","-","0.45","--","0","6.08","5,065","0.00"
"1530  ","亞崴  ","200134","97","6476322","32.5","32.7","32","32.5","+","0.5","32.5","2","32.6","3","25.59"
"1531  ","高林股","8567539","2886","282645055","33.85","33.85","32.2","32.5","-","1.9","32.5","70","32.6","28","14.25"
"1532  ","勤美  ","804380","450","27421387","33.9","34.5","33.85","34","+","0.4","33.95","3","34","58","3.86"
"1533  ","車王電","519966","270","12541579","23.6","24.55","23.5","24.2","+","0.8","24.2","10","24.25","10","172.86"
"1535  ","中宇  ","299105","153","14697652","49.7","49.7","48.9","49.45","-","0.1","49.4","29","49.5","2","11.11"
"1536  ","和大  ","1390587","476","19812718","14.4","14.5","14","14.1","-","0.3","14.1","1","14.15","10","0.00"
"1537  ","廣隆  ","776000","377","41295200","53.6","54","52.6","52.6","-","1","52.6","2","52.7","3","7.34"
"1538  ","正峰新","648210","346","26283269","41","41","40.25","40.6","-","0.3","40.4","2","40.6","12","0.00"
"1539  ","巨庭  ","57001","26","556899","9.79","9.94","9.66","9.72","-","0.07","9.71","3","9.74","2","0.00"
"1540  ","喬福  ","252300","108","6636190","26.2","26.4","26.2","26.25","+","0.25","26.25","3","26.3","3","10.89"
"1541  ","錩泰  ","357706","160","8542472","24.3","24.3","23.6","23.75","-","0.25","23.75","4","23.8","1","11.7"
"1560  ","中砂  ","358924","181","14444366","40.4","40.5","40.1","40.15","-","0.15","40.1","11","40.2","5","30.42"
"1582  ","信錦  ","619425","384","38144891","62","62","61","61.1","-","0.7","61.1","30","61.3","6","10.93"
"1583  ","程泰  ","41000","31","1412100","33.15","35","33.15","34.1","+","0.4","33.9","3","34","3","25.45"
"1603  ","華電  ","951075","197","11017919","11.55","11.7","11.5","11.5","-","0.05","11.5","20","11.6","21","8.71"
"1604  ","聲寶  ","2450787","356","12216622","4.98","5.04","4.95","4.96","-","0.04","4.96","138","4.99","55","0.00"
"1605  ","華新  ","20820909","3865","335494708","16.05","16.35","15.9","16.05"," ","0","16.05","101","16.1","300","17.07"
"1608  ","華榮  ","1770224","326","18916207","10.6","10.8","10.6","10.6","-","0.05","10.6","79","10.65","39","10"
"1609  ","大亞  ","3902230","745","34004495","8.68","8.84","8.53","8.71","+","0.03","8.71","15","8.73","18","15.02"
"1611  ","中電  ","5361314","1848","129900910","24.7","24.75","24.05","24.4","-","0.25","24.35","23","24.4","3","16.16"
"1612  ","宏泰  ","13552879","3993","237128400","18.3","18.3","16.6","16.6","-","0.55","16.6","62","16.75","3","17.29"
"1613  ","台一  ","558687","135","3222122","5.8","5.82","5.73","5.74","-","0.04","5.74","18","5.76","5","8.57"
"1614  ","三洋電","100102","71","3092591","31","31","30.7","30.95","+","0.35","30.9","2","30.95","21","41.27"
"1615  ","大山  ","174500","49","2568349","14.85","14.85","14.65","14.7","-","0.1","14.65","24","14.7","2","8.21"
"1616  ","億泰  ","792924","173","5545464","6.95","7.07","6.95","6.96","+","0.01","6.96","9","6.97","10","0.00"
"1617  ","榮星  ","3205181","769","42041958","13","13.5","12.75","13.45","+","0.4","13.4","1","13.45","5","16.4"
"1618  ","合機  ","3082961","1130","65519581","21.7","21.7","21","21.1","-","0.6","21.05","16","21.1","12","7.67"
"1701  ","中化  ","15757552","5043","411262181","25.8","26.7","25.6","25.95","+","0.55","25.9","91","25.95","15","18.27"
"1702  ","南僑  ","11810208","5223","482915070","40.6","41.8","39.75","40.1","+","0.35","40.1","18","40.15","45","24.91"
"1704  ","榮化  ","17024708","7095","1146479151","68.6","68.6","66.3","66.9","-","1.7","66.8","194","66.9","14","18.38"
"1707  ","葡萄王","10188852","4128","510236470","50.1","51","48.6","49.5"," ","0","49","10","49.5","68","15.42"
"1708  ","東鹼  ","3428658","1401","129917305","38.4","38.7","37.4","37.5","-","0.9","37.5","32","37.55","22","15.56"
"1709  ","和益  ","1698780","533","29684748","17.75","17.75","17.25","17.3","-","0.4","17.3","42","17.35","1","12.63"
"1710  ","東聯  ","3172769","952","81189965","25.8","25.8","25.4","25.6","-","0.2","25.6","89","25.65","91","11.33"
"1711  ","永光  ","47242969","11953","1830127686","36.85","39.3","36.6","38.8","+","2.05","38.8","35","38.85","91","21.09"
"1712  ","興農  ","4183675","1047","60017459","14.2","14.5","14.2","14.25","+","0.05","14.25","41","14.3","20","13.57"
"1713  ","國化  ","818120","260","10935020","13.65","13.65","13.1","13.2","+","0.15","13.15","5","13.2","28","38.82"
"1714  ","和桐  ","8198200","1981","141162650","17.05","17.4","17","17.1","+","0.1","17.05","150","17.1","37","10.89"
"1715  ","萬洲  ","3790197","827","79929112","21.4","21.4","20.8","21.1","-","0.1","21.05","47","21.1","15","10.39"
"1716  ","永信  ","1279995","527","46682167","36.55","36.9","36.1","36.2","-","0.35","36.15","31","36.2","14","16.23"
"1717  ","長興  ","955909","338","30606832","32.3","32.3","31.85","31.9","-","0.3","31.9","126","32","50","11.43"
"1718  ","中纖  ","7166571","1349","78780036","11.1","11.15","10.9","10.95","-","0.05","10.95","10","11","310","11.17"
"1720  ","生達  ","1784606","853","53282374","29.9","30.2","29.2","29.6"," ","0","29.55","40","29.6","19","16"
"1721  ","三晃  ","212329","94","2932772","13.9","13.95","13.75","13.85","+","0.1","13.8","23","13.85","7","0.00"
"1722  ","台肥  ","4824044","2512","475953790","100","100","97.4","97.6","-","1.4","97.6","36","97.7","2","75.66"
"1723  ","中碳  ","1973700","877","210866147","106.5","108.5","104","104.5","-","1","104.5","16","105","11","14.8"
"1724  ","台硝  ","1911041","530","27440780","13.95","14.7","13.85","14.3","X","0","14.25","23","14.3","17","26.48"
"1725  ","元禎  ","43475","28","1002012","23.2","23.2","22.9","22.95","-","0.3","22.95","3","23.05","5","18.97"
"1726  ","永記  ","16300","13","715069","43.65","44","43.65","44","+","0.35","43.8","10","43.9","5","9.57"
"1727  ","中華化","857204","483","24793970","28.7","29.25","28.3","28.7"," ","0","28.65","20","28.7","4","21.74"
"1729  ","必翔  ","2041196","1125","105223492","50.2","52.4","50.2","52","+","2.5","51.7","10","52","39","208"
"1730  ","花仙子","1325170","472","25008565","18.65","19.5","18.5","19.5","+","1.15","19.3","3","19.5","61","13"
"1731  ","美吾華","991271","397","17446411","17.75","17.9","17.3","17.45","-","0.2","17.4","10","17.45","3","34.9"
"1732  ","毛寶  ","914540","341","15130466","16.4","16.8","16.3","16.8","+","0.65","16.75","1","16.8","28","31.11"
"1733  ","五鼎  ","3583420","1825","259711420","72","74.2","70.8","71","-","0.7","71","32","71.2","3","16.28"
"1734  ","杏輝  ","8498175","3560","331957825","38.6","39.8","38.1","38.95","+","0.6","38.9","5","38.95","20","37.1"
"1735  ","日勝化","342665","140","5785022","17.1","17.1","16.8","16.9","-","0.15","16.9","7","16.95","8","16.57"
"1736  ","喬山  ","782157","352","36400046","46.9","47.5","45.5","45.5","-","1","45.5","6","45.6","1","98.91"
"1737  ","臺鹽  ","3846349","1183","87513610","23","23.4","22","22.1","-","0.7","22.1","64","22.15","6","35.08"
"1773  ","勝一  ","442213","232","17887911","40.1","40.8","40","40.2","+","0.2","40.2","8","40.25","1","8.91"
"1802  ","台玻  ","3186802","1361","101793308","32.1","32.4","31.55","31.55","-","0.35","31.55","90","31.6","2","16.35"
"1805  ","寶徠  ","13674","14","144404","10.55","10.8","10.5","10.5"," ","0","10.6","3","10.85","3","0.00"
"1806  ","冠軍  ","8130551","2785","202353150","24.9","25.25","24.4","24.6","-","0.15","24.55","67","24.6","22","13.59"
"1808  ","潤隆  ","486400","177","14497469","29.7","30.2","29.55","29.55","-","0.15","29.55","22","29.6","6","11.45"
"1809  ","中釉  ","5371163","2468","163369290","30.5","31","30","30","-","0.5","29.95","12","30","59","20.27"
"1810  ","和成  ","1386155","396","15780911","11.5","11.65","11.2","11.2","-","0.3","11.2","96","11.25","5","0.00"
"1902  ","台紙  ","8802837","1468","139730285","16","16.05","15.65","15.75","-","0.3","15.75","59","15.8","19","9.6"
"1903  ","士紙  ","342001","192","22833066","66.6","67.4","66","66.6","+","0.4","66.6","81","66.7","9","0.00"
"1904  ","正隆  ","3635290","788","47846034","13.25","13.25","13.1","13.15","-","0.1","13.1","613","13.15","111","9.2"
"1905  ","華紙  ","3890110","733","59290312","15.4","15.5","15.15","15.15","-","0.25","15.15","182","15.2","26","12.12"
"1906  ","寶隆  ","252873","82","1887662","7.51","7.58","7.41","7.44","-","0.09","7.44","1","7.46","5","26.57"
"1907  ","永豐餘","3559394","765","47668432","13.5","13.55","13.3","13.35","-","0.15","13.35","163","13.4","270","7.3"
"1909  ","榮成  ","1248725","282","13064260","10.45","10.55","10.35","10.4","-","0.05","10.35","152","10.4","14","52"
"2002  ","中鋼  ","75852171","21578","2411160489","31.45","32.15","31.45","32","+","1","31.95","79","32","1,180","8.7"
"2002A ","中鋼特","13000","5","493050","37.65","38","37.65","38","X","0","38","5","38.45","1","0.00"
"2006  ","東鋼  ","9377764","3315","279421522","28.95","30.15","28.95","29.8","+","1.35","29.75","33","29.8","101","21.91"
"2007  ","燁興  ","8064634","1476","68589537","8.1","8.61","8.1","8.61","+","0.56","8.61","411","--","0","8.05"
"2008  ","高興昌","2868349","708","26492164","9","9.4","9","9.17","+","0.17","9.17","13","9.19","26","0.00"
"2009  ","第一銅","6522280","1555","94293927","14.3","14.75","14.15","14.2","-","0.05","14.15","154","14.2","44","6.83"
"2010  ","春源  ","13885089","3268","215126745","15.2","15.7","15.1","15.55","+","0.6","15.5","71","15.55","37","7.78"
"2012  ","春雨  ","3096836","851","31677494","9.79","10.4","9.79","10.25","+","0.52","10.25","47","10.3","130","0.00"
"2013  ","中鋼構","875587","341","20084449","22.5","23.2","22.5","22.85","+","0.35","22.85","50","22.9","8","13.77"
"2014  ","中鴻  ","38293684","8249","580168747","14.7","15.4","14.7","15.1","+","0.6","15.05","262","15.1","277","4.21"
"2015  ","豐興  ","9346519","2624","491996256","50.7","53.3","50.5","53.3","+","3.4","53.3","7,464","--","0","15.36"
"2017  ","官田鋼","20540823","3237","242436663","11.35","11.95","11.3","11.95","+","0.75","11.95","22,134","--","0","8.85"
"2020  ","美亞  ","3062587","1042","73703210","23.7","24.45","23.7","23.8","+","0.4","23.8","26","23.85","17","11.07"
"2022  ","聚亨  ","10907758","2726","97824170","8.64","9.31","8.64","8.99","X","0","8.98","18","8.99","5","0.00"
"2023  ","燁輝  ","14866111","3001","187545968","12.35","12.8","12.35","12.55","+","0.25","12.5","422","12.55","57","11.73"
"2024  ","志聯  ","3933185","825","29915734","7.42","7.76","7.36","7.64","+","0.32","7.64","41","7.65","3","7.96"
"2025  ","千興  ","6878348","1297","46389377","6.5","6.82","6.5","6.75","+","0.29","6.74","10","6.75","52","10.23"
"2027  ","大成鋼","18127660","3714","392632102","20.7","21.75","20.7","21.75","+","1.4","21.75","130","--","0","20.91"
"2028  ","威致  ","4673635","1176","45485595","9.54","9.82","9.45","9.81","+","0.46","9.8","10","9.81","18","6.13"
"2029  ","盛餘  ","584280","230","13352856","22.5","23.1","22.5","22.7","+","0.3","22.7","31","22.75","10","8.73"
"2030  ","彰源  ","4099805","1099","67268177","15.7","16.5","15.7","16.5","+","1.05","16.5","553","--","0","12.69"
"2031  ","新光鋼","5555511","1287","164065727","29.4","29.55","29.4","29.55","+","1.9","29.55","12,096","--","0","11.03"
"2032  ","新鋼  ","940597","285","17941629","18.2","19.15","18.2","19.15","+","1.25","19.15","3,098","--","0","19.74"
"2033  ","佳大  ","391900","229","7052714","17.45","18.2","17.45","17.95","+","0.55","17.9","18","17.95","2","22.16"
"2034  ","允強  ","6057658","2134","145243792","23","24.3","23","24","+","1.15","23.95","15","24","28","11.82"
"2038  ","海光  ","700500","329","11404750","16","16.5","15.95","16.2","+","0.45","16.2","1","16.25","9","27.93"
"2049  ","上銀  ","4826320","2547","376387925","75.5","79.5","75.5","78","+","2.5","78","121","78.1","6","22.29"
"2059  ","川湖  ","206276","174","29972296","146.5","147","144.5","145","-","1.5","144.5","1","145","32","16.29"
"2062  ","橋椿  ","119000","69","4674000","39.4","39.85","38.9","39.1","-","0.3","39.1","2","39.25","5","10.32"
"2101  ","南港  ","3027663","1239","129999504","43.1","43.35","42.6","42.7","-","0.15","42.7","1","42.75","11","29.86"
"2102  ","泰豐  ","1433258","502","27169165","18.9","19.05","18.85","18.95","+","0.15","18.9","124","18.95","17","15.41"
"2103  ","台橡  ","1407076","649","66715075","47.35","47.5","47.3","47.45","+","0.3","47.4","29","47.45","84","12.07"
"2104  ","中橡  ","2238882","677","67354040","30.2","30.3","29.7","29.85","-","0.35","29.85","51","29.9","42","12.33"
"2105  ","正新  ","9436260","2694","653414670","69.2","70.1","68.4","68.4","-","0.8","68.4","53","68.5","22","10.96"
"2106  ","建大  ","4801874","1406","165005122","33.9","34.65","33.75","34.05","+","0.25","34.05","33","34.1","2","9.81"
"2107  ","厚生  ","3930534","1301","95242530","24","24.45","23.95","24","+","0.05","24","70","24.05","16","8.7"
"2108  ","南帝  ","423176","116","9025812","21.4","21.4","21.25","21.4","+","0.1","21.35","25","21.4","54","13.81"
"2109  ","華豐  ","723010","202","8374765","11.6","11.65","11.5","11.55","-","0.05","11.5","159","11.55","8","82.5"
"2201  ","裕隆  ","26218056","8880","1321497507","50.9","51.4","49.8","50.2","-","0.8","50.2","38","50.3","55","27.89"
"2204  ","中華  ","3026548","1101","61529332","20.4","20.6","20.1","20.1","-","0.15","20.1","117","20.15","7","17.18"
"2206  ","三陽  ","26661242","6464","460254627","16.7","17.7","16.5","17.15","+","0.55","17.1","299","17.15","186","17.68"
"2207  ","和泰車","564680","203","53654958","95","96.2","94.6","95","+","0.4","94.9","10","95","16","10.6"
"2208  ","台船  ","8397620","2987","239136472","28.3","28.8","28","28.7","+","0.4","28.6","16","28.7","229","15.86"
"2227  ","裕日車","634012","381","64939248","103.5","104.5","101","103.5"," ","0","103.5","3","104","34","17.37"
"2301  ","光寶科","4009024","1893","149715712","37.05","37.55","37.05","37.4","+","0.1","37.4","33","37.45","4","9.12"
"2302  ","麗正  ","404252","139","3190369","7.92","7.97","7.82","7.88","-","0.05","7.88","8","7.89","5","34.26"
"2303  ","聯電  ","33611557","5374","443956537","13.3","13.35","13.15","13.15","-","0.15","13.15","1,244","13.2","1,562","8.89"
"2305  ","全友  ","105034","60","520741","4.97","5.05","4.85","4.87","-","0.12","4.87","5","4.97","10","0.00"
"2308  ","台達電","4581712","1655","555063440","121","122.5","120.5","121"," ","0","121","429","121.5","387","20.34"
"2311  ","日月光","18306814","4862","423278522","23.05","23.25","23","23.15","+","0.15","23.1","371","23.15","186","9.57"
"2312  ","金寶  ","5461956","866","53033063","9.76","9.76","9.65","9.7","-","0.06","9.7","810","9.71","20","107.78"
"2313  ","華通  ","12008638","2597","108821035","8.8","9.25","8.8","9.01","+","0.21","9.01","101","9.02","67","0.00"
"2314  ","台揚  ","2117401","829","39998816","19.1","19.2","18.65","18.65","-","0.45","18.65","73","18.7","75","0.00"
"2315  ","神達  ","5955316","1637","75506721","12.5","12.85","12.45","12.85","+","0.4","12.85","13","12.9","161","17.85"
"2316  ","楠梓電","12912782","3747","260186341","20.05","20.6","19.7","19.7","-","0.3","19.7","56","19.75","77","20.74"
"2317  ","鴻海  ","31648945","14691","3398462060","108","108.5","106","107.5","-","1","107","3,430","107.5","862","12.59"
"2321  ","東訊  ","371670","133","3381940","9.15","9.25","9.04","9.07","-","0.08","9.07","2","9.09","12","0.00"
"2323  ","中環  ","5926823","1106","46841909","7.9","7.95","7.88","7.88","-","0.05","7.88","237","7.89","17","0.00"
"2324  ","仁寶  ","15915200","3833","577778937","36.7","36.8","36.05","36.15","-","0.65","36.15","115","36.2","174","5.68"
"2325  ","矽品  ","6992806","2510","213915517","30.7","30.75","30.35","30.75","+","0.05","30.7","6","30.75","98","9.7"
"2327  ","國巨  ","29860349","5834","394641337","13","13.4","13","13.1","+","0.25","13.1","380","13.15","147","9.23"
"2328  ","廣宇  ","4094797","2136","192373375","47.65","47.7","46.2","46.4","-","1.3","46.4","9","46.45","6","40.7"
"2329  ","華泰  ","1153662","345","9769522","8.5","8.55","8.4","8.45","-","0.07","8.45","15","8.48","20","0.00"
"2330  ","台積電","20268099","5050","1221660750","60.5","60.6","60.1","60.2","-","0.3","60.2","109","60.3","1,668","11.36"
"2331  ","精英  ","2069122","493","23125442","11.15","11.25","11.1","11.2"," ","0","11.15","130","11.2","162","26.67"
"2332  ","友訊  ","5135598","1657","137990241","27","27.3","26.6","26.6","-","0.4","26.6","13","26.65","1","15.38"
"2337  ","旺宏  ","12841381","3686","226721198","17.9","17.9","17.55","17.55","-","0.45","17.55","267","17.6","115","7.34"
"2338  ","光罩  ","676155","226","8111974","12.1","12.1","11.9","12"," ","0","12","57","12.05","64","14.63"
"2340  ","光磊  ","2225350","898","49220289","22.3","22.4","21.9","22","-","0.3","22","230","22.1","20","19.47"
"2341  ","英群  ","40000","6","48000","1.2","1.2","1.2","1.2","-","0.08","--","0","1.2","7,891","0.00"
"2342  ","茂矽  ","65869498","15677","1122210663","16.4","17.7","16.15","17.2","+","0.65","17.15","92","17.2","382","15.5"
"2344  ","華邦電","6891437","1544","54314379","7.92","7.98","7.83","7.85","-","0.12","7.85","188","7.86","13","29.07"
"2345  ","智邦  ","5979496","1278","101726903","17","17.15","16.9","17","+","0.1","16.95","149","17","155","7.52"
"2347  ","聯強  ","17123641","6073","1189193905","70","70.6","67.9","68","-","0.6","68","270","68.1","12","18.68"
"2348  ","海悅  ","158196","37","475995","3","3.02","2.65","3.02","+","0.19","3.02","32","--","0","0.00"
"2349  ","錸德  ","13325901","2015","116299733","8.7","8.79","8.68","8.7","-","0.02","8.69","249","8.7","103","0.00"
"2351  ","順德  ","786081","338","31809830","40.2","40.65","40.2","40.45","+","0.25","40.45","15","40.5","4","11.27"
"2352  ","佳世達","18191558","4369","342128537","18.6","19","18.55","18.65","+","0.1","18.65","70","18.7","74","10.54"
"2353  ","宏碁  ","12878271","5693","1044833462","80.2","81.6","79.9","81","+","1","80.9","63","81","109","15.7"
"2354  ","鴻準  ","2500590","1650","232643870","93.1","94","92.5","92.6","-","1.4","92.6","92","92.7","6","14.2"
"2355  ","敬鵬  ","786890","341","18741594","23.9","23.95","23.7","23.75","-","0.1","23.7","23","23.75","1","8.36"
"2356  ","英業達","1525729","693","24012880","15.9","15.9","15.65","15.75","-","0.1","15.7","300","15.75","32","10.23"
"2357  ","華碩  ","952629","922","210560380","220","223","218","221.5","+","1.5","221","27","221.5","5","6.91"
"2358  ","廷鑫  ","126120","89","1940301","15.5","15.5","15.2","15.35","+","0.05","15.3","9","15.35","3","8.34"
"2359  ","所羅門","193682","84","2665117","13.8","13.85","13.65","13.7","-","0.1","13.7","11","13.75","10","15.22"
"2360  ","致茂  ","4531781","2334","358832091","79.3","80.6","77","77.6","-","1.4","77.6","3","77.7","12","18.61"
"2361  ","鴻友  ","76234","32","307595","4.1","4.14","4","4.13","-","0.02","4.13","6","4.14","7","0.00"
"2362  ","藍天  ","3403245","1384","245862595","73","73.5","71.1","71.4","-","1","71.3","21","71.4","11","47.6"
"2363  ","矽統  ","8655053","2974","171022202","19.6","20.2","19.35","19.55","-","0.15","19.55","61","19.6","30","30.08"
"2364  ","倫飛  ","4149190","763","20236546","4.89","4.94","4.75","4.8","+","0.04","4.79","10","4.81","11","0.00"
"2365  ","昆盈  ","1187366","477","33306768","28.2","28.3","27.95","28","-","0.2","28","9","28.05","9","12.17"
"2367  ","燿華  ","23052659","5381","358460364","15.05","16.1","15","15.25","+","0.15","15.2","67","15.25","28","0.00"
"2368  ","金像電","1836464","553","20433197","11.1","11.25","10.95","10.95","-","0.15","10.95","47","11","5","109.5"
"2369  ","菱生  ","22392174","5929","499378502","22.05","22.85","21.6","21.65","-","0.65","21.6","184","21.65","249","10.93"
"2371  ","大同  ","5596953","1287","30853405","5.54","5.54","5.48","5.49","-","0.01","5.49","134","5.5","40","0.00"
"2373  ","震旦行","2550161","1485","156615772","61.8","63.4","59.6","60","-","1.8","59.9","10","60","22","27.78"
"2374  ","佳能  ","3354719","1463","171077127","51","51.4","50.5","50.5","-","0.2","50.5","105","50.6","6","8.32"
"2375  ","智寶  ","2933556","662","21265060","7.25","7.32","7.17","7.17","-","0.05","7.17","132","7.19","25","0.00"
"2376  ","技嘉  ","4041871","1462","116279446","28.4","29","28.4","28.8","+","0.65","28.8","29","28.85","45","7.52"
"2377  ","微星  ","2091422","711","33523610","16.15","16.2","15.95","16","-","0.1","16","2","16.05","55","19.75"
"2379  ","瑞昱  ","2541850","1281","174970727","69.5","69.7","68.2","68.4","-","0.6","68.4","25","68.5","35","13.13"
"2380  ","虹光  ","805144","302","13420623","16.85","16.9","16.45","16.5","-","0.25","16.5","35","16.55","7","34.38"
"2382  ","廣達  ","16317567","5658","815730756","49.1","50.5","49.1","50","+","1","49.95","5","50","3","8.17"
"2383  ","台光電","4375310","1672","123269585","28.05","28.45","27.8","27.8","-","0.25","27.8","189","27.85","28","8.3"
"2384  ","勝華  ","113689796","33945","5608842250","50.9","51.7","46.5","47.25","-","1.95","47.2","276","47.25","30","0.00"
"2385  ","群光  ","14026018","5227","873228422","59.2","63.4","59.1","63.4","+","4.1","63.4","600","--","0","10.51"
"2387  ","精元  ","912687","349","27834977","30.8","30.85","30.1","30.25","+","0.25","30.2","10","30.25","33","6.84"
"2388  ","威盛  ","7992141","3058","198430752","25.55","25.55","24.15","24.45","-","1.1","24.45","42","24.6","1","0.00"
"2390  ","云辰  ","1126061","293","11977791","10.5","10.75","10.4","10.6","+","0.1","10.55","18","10.6","17","0.00"
"2392  ","正崴  ","1692869","919","88570888","52.8","52.9","52","52.3","-","0.4","52.3","20","52.4","28","20.19"
"2393  ","億光  ","3344628","1842","276646705","83","83.5","82.3","82.3","-","0.7","82.3","7","82.4","4","13.38"
"2395  ","研華  ","555638","311","42212588","76.3","76.4","75.5","76.2","-","0.1","76","46","76.2","34","16.04"
"2397  ","友通  ","144267","81","4494140","31.3","31.5","31","31.25","-","0.25","31.25","1","31.3","9","16.36"
"2399  ","映泰  ","468742","224","8973098","19.4","19.4","18.95","19","-","0.3","18.95","17","19","2","8.41"
"2401  ","凌陽  ","3560871","1075","87982608","24.55","25.1","24.25","24.25","-","0.25","24.25","31","24.3","2","10.64"
"2402  ","毅嘉  ","1096043","376","15753404","14.45","14.55","14.25","14.25","-","0.25","14.25","13","14.3","13","47.5"
"2403  ","友尚  ","2463426","928","137058337","55.5","56.2","54.9","55","-","0.3","55","52","55.1","2","12.11"
"2404  ","漢唐  ","17625979","7023","899244989","51.6","52.1","49.9","50","-","1.6","50","4","50.2","1","18.45"
"2405  ","浩鑫  ","502827","152","12061197","24","24.15","23.85","23.9","-","0.1","23.9","16","24","21","0.00"
"2406  ","國碩  ","11167268","4864","593544233","54.5","54.5","52.1","52.8","-","1.9","52.8","26","52.9","1","21.82"
"2408  ","南亞科","12004651","3314","256817837","21.55","21.95","20.75","21.05","-","0.25","21","119","21.05","53","0.00"
"2409  ","友達  ","30190887","6957","880488963","29.2","29.45","28.8","28.95","-","0.05","28.95","15","29","494","13.85"
"2412  ","中華電","18461389","3528","1234820847","67.2","67.2","66.7","67","-","0.3","66.9","309","67","209","13.99"
"2413  ","環科  ","957797","227","15996179","16.9","16.9","16.55","16.75","-","0.05","16.65","8","16.75","118","39.88"
"2414  ","精技  ","455187","147","7789646","17.1","17.3","17","17.1","+","0.1","17.1","24","17.2","18","11.1"
"2415  ","錩新  ","2028297","746","38414547","18.65","19.4","18.5","18.95","+","0.15","18.95","23","19","36","38.67"
"2417  ","圓剛  ","3444993","1549","145655946","42.9","42.9","41.8","41.85","+","0.65","41.85","18","41.9","33","9.18"
"2419  ","仲琦  ","1477815","507","29797083","20.3","20.4","19.9","19.9"," ","0","19.9","9","19.95","13","23.98"
"2420  ","新巨  ","498822","195","11936730","24.25","24.3","23.8","23.8","-","0.3","23.8","16","23.85","1","10.35"
"2421  ","建準  ","525684","210","13559951","25.6","26.1","25.6","25.7","-","0.25","25.65","24","25.7","3","9.59"
"2423  ","固緯  ","129434","93","2976645","23","23.2","22.85","22.85","-","0.45","22.85","2","22.95","3","11.54"
"2424  ","隴華  ","1053668","374","24055639","23.35","23.8","21.85","22","-","1.25","22","6","22.05","2","0.00"
"2425  ","承啟  ","361744","155","5081799","14.15","14.2","13.95","14","-","0.1","14","48","14.05","6","38.89"
"2426  ","鼎元  ","4859473","1837","129992576","27.2","27.45","26.5","26.5","-","0.7","26.5","66","26.6","5","30.46"
"2427  ","三商電","3621619","1335","66172215","18.3","18.6","17.8","17.9","-","0.35","17.9","8","17.95","58","0.00"
"2428  ","興勤  ","259100","146","12826454","49.8","49.9","49.1","49.1","-","0.6","49.1","17","49.3","3","10.08"
"2429  ","銘旺科","0","0","0","--","--","--","--"," ","0","--","0","14.6","2","0.00"
"2430  ","燦坤  ","693476","654","40856084","59.5","59.6","58.5","58.5","-","0.5","58.5","53","58.8","9","13.76"
"2431  ","聯昌  ","2092328","683","46409311","22","22.5","21.8","21.85","-","0.3","21.85","24","21.9","5","10.93"
"2433  ","互盛電","1696092","682","49450993","28.9","30","27.8","28.35","+","0.25","28.3","16","28.35","4","16.68"
"2434  ","統懋  ","1716611","900","35850384","21.7","21.9","20.15","20.4","-","1.05","20.4","5","20.5","10","0.00"
"2436  ","偉詮電","11357764","4332","307337431","26.7","27.8","26.1","26.4","-","0.4","26.35","17","26.4","23","30"
"2437  ","旺詮  ","671653","340","42837262","64.4","64.5","63","63.2","-","0.8","63.1","4","63.3","3","9.45"
"2438  ","翔耀  ","395815","38","471727","1.18","1.2","1.18","1.2"," ","0","1.19","100","1.2","150","0.00"
"2439  ","美律  ","1640306","776","88096108","54.3","54.4","52.9","53.1","-","1.2","53.1","13","53.2","8","10.35"
"2440  ","太空梭","1126007","198","11938720","10.45","10.7","10.35","10.55","+","0.05","10.5","20","10.55","5","15.75"
"2441  ","超豐  ","1316483","461","39932706","30.35","30.5","30.2","30.25","-","0.05","30.25","38","30.3","73","8.11"
"2442  ","新美齊","5662207","1104","60837173","10.55","10.85","10.45","10.85","+","0.7","10.85","70","--","0","18.39"
"2443  ","新利虹","2341618","366","14688176","6.21","6.35","6.15","6.21"," ","0","6.21","48","6.24","13","0.00"
"2444  ","友旺  ","4314091","943","60248611","13.6","14.35","13.35","14","+","0.4","14","29","14.05","16","0.00"
"2448  ","晶電  ","7319397","3522","612400894","84.5","84.6","83","83","-","1.1","83","262","83.1","3","16.57"
"2449  ","京元電","4750230","1495","63219980","13.35","13.4","13.25","13.25","-","0.1","13.25","85","13.3","152","13.25"
"2450  ","神腦  ","306934","154","15037197","49","49.15","48.8","48.8","-","0.2","48.8","18","48.9","1","10.99"
"2451  ","創見  ","2413797","1551","207667289","87","87.4","85.5","85.8","-","0.9","85.8","29","85.9","16","10.55"
"2453  ","凌群  ","412346","145","6109268","14.85","15","14.6","14.65","-","0.25","14.55","8","14.65","3","13.69"
"2454  ","聯發科","7497663","5859","3587065099","480.5","483","472","472","-","5","472","51","472.5","51","12.75"
"2455  ","全新  ","2765133","1343","154539461","56.2","57","55","56.3","+","0.1","56.2","27","56.3","48","22.08"
"2456  ","奇力新","3886186","1405","123883450","31.65","32.15","31.3","31.3"," ","0","31.3","18","31.4","1","15.34"
"2457  ","飛宏  ","7661712","2909","324705731","43","43","41.65","41.65","-","1.2","41.6","51","41.65","113","9.57"
"2458  ","義隆  ","11714599","4956","556958724","47.8","48.4","46.3","46.4","-","1.25","46.4","21","46.5","14","24.68"
"2459  ","敦吉  ","708465","336","21415533","30.4","31","29.65","29.65","-","0.4","29.65","12","29.8","4","9.12"
"2460  ","建通  ","405593","175","10864848","26.8","26.9","26.6","26.8","+","0.1","26.7","4","26.8","1","9.85"
"2461  ","光群雷","944243","449","20416771","21.9","21.95","21.45","21.45","-","0.5","21.4","33","21.45","9","22.82"
"2462  ","良得電","397287","175","14533824","36.6","36.75","36.5","36.5"," ","0","36.5","35","36.6","4","9.38"
"2463  ","研揚  ","54096","59","2766996","51.5","51.5","50.8","50.9","-","0.2","50.8","1","50.9","2","12.48"
"2464  ","盟立  ","408319","187","12507328","31.2","31.2","30.4","30.5","-","0.3","30.5","15","30.55","5","11.05"
"2465  ","麗臺  ","940849","390","11560070","12.6","12.65","12.2","12.2","-","0.45","12.2","17","12.25","55","0.00"
"2466  ","冠西電","188284","72","5884310","31.3","31.7","30.85","31.5","+","0.05","31.25","4","31.5","2","52.5"
"2467  ","志聖  ","5506150","1502","132296854","24","24.35","23.7","23.85"," ","0","23.85","133","23.9","27","13.25"
"2468  ","華經  ","292040","142","5012334","17.3","17.45","16.9","16.95","-","0.3","16.95","1","17","1","20.42"
"2471  ","資通  ","578360","333","16093021","28.05","28.5","27.5","27.5","-","0.55","27.5","11","27.6","2","67.07"
"2472  ","立隆電","5205488","1746","132819307","25.2","26.2","24.55","24.55","-","0.5","24.55","57","24.7","5","24.31"
"2473  ","思源  ","3873566","1534","146558491","38","38.2","37.4","38","-","0.15","37.95","5","38","1,137","20.99"
"2474  ","可成  ","5409747","2663","395762871","73.7","74.2","72.3","72.4","-","0.8","72.4","22","72.5","10","14.39"
"2475  ","華映  ","4818271","1177","21380184","4.37","4.54","4.35","4.44","+","0.11","4.43","20","4.44","26","0.00"
"2476  ","鉅祥  ","825790","272","20794476","25.15","25.35","24.8","24.85","-","0.3","24.85","5","25","8","12.12"
"2477  ","美隆電","5549470","1921","101022591","18.2","18.65","17.6","17.75","-","0.5","17.75","7","17.8","10","17.93"
"2478  ","大毅  ","777480","397","26830627","34.6","34.95","34.15","34.2","-","0.2","34.15","23","34.2","5","13.73"
"2480  ","敦陽科","546491","239","14055043","25.9","26.15","25.55","25.55","-","0.25","25.55","151","25.65","15","12.34"
"2481  ","強茂  ","6523959","2159","209502092","32.2","32.6","31.55","31.55","-","0.35","31.55","54","31.6","54","16.18"
"2482  ","連宇  ","163600","93","3361508","20.7","20.7","20.3","20.7","+","0.2","20.4","13","20.7","4","39.81"
"2483  ","百容  ","1876604","730","41010313","22.5","22.5","21.35","21.45","-","0.9","21.45","3","21.5","17","11.47"
"2484  ","希華  ","15013391","3947","286401920","18.6","19.45","18.55","19.15","+","0.75","18.95","1","19.15","108","0.00"
"2485  ","兆赫  ","2275951","919","115811610","51","51.5","50.3","51.1","+","0.2","51.1","7","51.2","13","14.94"
"2486  ","一詮  ","964967","484","37210477","38.55","38.9","38.3","38.45","-","0.1","38.4","13","38.45","1","12.09"
"2488  ","漢平  ","150199","61","2139055","14.35","14.35","14.2","14.2","-","0.05","14.2","2","14.25","3","13.15"
"2489  ","瑞軒  ","3805141","1620","99610556","26","26.7","26","26.05","-","0.45","26.05","62","26.1","18","10.55"
"2491  ","吉祥全","92583","33","276573","3","3","2.97","2.97","-","0.02","2.96","17","3","25","0.00"
"2492  ","華新科","10086700","2481","177448423","17.7","17.8","17.35","17.45","-","0.05","17.45","43","17.5","180","15.86"
"2493  ","揚博  ","1069466","419","20147196","18.9","19.05","18.55","18.6","-","0.2","18.6","20","18.65","4","30.49"
"2495  ","普安  ","308187","222","12514420","40.75","41","40.4","40.45","-","0.3","40.45","8","40.55","24","18.81"
"2496  ","卓越  ","11129","10","101058","9.01","9.9","9","9.9","X","0","9","13","9.9","3","0.00"
"2497  ","怡利電","62398","42","1378774","22.45","22.45","21.8","22.1","-","0.25","22.1","1","22.2","3","0.00"
"2498  ","宏達電","12934112","10086","8372206240","634","656","633","651","+","27","651","52","652","31","21.41"
"2499  ","東貝  ","5703165","2888","278423212","48","49.75","47.5","48.8","+","0.85","48.75","30","48.8","25","13.67"
"2501  ","國建  ","21094847","4170","325357548","15.2","15.65","15.1","15.4","+","0.3","15.4","207","15.45","132","22.32"
"2504  ","國產  ","18502753","3894","270779734","14.75","14.9","14.45","14.45","-","0.25","14.45","414","14.5","10","23.69"
"2505  ","國揚  ","12532412","3472","273688212","21.25","22.3","21.2","21.55","+","0.35","21.55","28","21.6","26","0.00"
"2506  ","太設  ","575679","80","2581284","4.5","4.5","4.42","4.49","+","0.04","4.41","10","4.49","5","5.16"
"2509  ","全坤建","644125","247","15912899","24.4","24.95","24.35","24.5","+","0.2","24.5","7","24.55","16","17.88"
"2511  ","太子  ","32669641","7571","674547641","19.6","21.1","19.5","21.05","+","1.3","21","94","21.05","329","8.73"
"2514  ","龍邦  ","373848","166","4797323","12.65","12.95","12.65","12.75","+","0.15","12.75","30","12.8","2","4.89"
"2515  ","中工  ","5239725","895","40870401","7.8","7.85","7.75","7.8"," ","0","7.79","116","7.8","12","22.94"
"2516  ","新建  ","4958633","917","44742509","9.01","9.19","8.95","9.03","+","0.03","9.03","181","9.05","25","6.5"
"2520  ","冠德  ","20240200","6336","553604210","26.85","27.8","26.75","27.05","+","0.3","27","63","27.05","15","6.87"
"2524  ","京城  ","454788","223","13072486","28.4","29.1","28.35","28.35","-","0.1","28.35","26","28.45","11","14.77"
"2527  ","宏璟  ","2539000","913","47871550","18.3","19.3","18.3","18.65","+","0.35","18.65","23","18.7","10","12.6"
"2528  ","皇普  ","29602","16","526592","17.7","18.05","17.7","18.05","+","1.15","18.05","5","--","0","11.95"
"2530  ","華建  ","7299545","1890","97633424","12.8","13.6","12.75","13.2","+","0.4","13.2","81","13.25","18","6.98"
"2534  ","宏盛  ","8394240","2171","149825124","17.65","18.1","17.55","17.6"," ","0","17.6","549","17.65","28","5.37"
"2535  ","達欣工","647311","268","11399149","17.4","17.75","17.4","17.55","+","0.15","17.5","51","17.55","7","17.73"
"2536  ","宏普  ","1123308","508","50109610","44.25","45","44","44.45","+","0.2","44.45","8","44.5","1","10.13"
"2537  ","聯上發","37268","18","578203","15.6","15.8","15.4","15.8","+","0.4","15.7","1","15.8","3","21.94"
"2538  ","基泰  ","13742704","2973","225461698","15.6","16.6","15.6","16.3","+","0.75","16.3","111","16.35","101","12.54"
"2539  ","櫻花建","16425","10","345766","20.2","21.55","20.2","21.1","-","0.1","21","45","21.95","2","16.36"
"2540  ","愛山林","10","1","76","--","--","--","--"," ","0","--","0","8.05","1","0.00"
"2542  ","興富發","5610109","2524","284358802","50.2","51","50.1","50.8","+","0.7","50.7","16","50.8","54","5.66"
"2543  ","皇昌  ","1020125","230","7141148","6.92","7.15","6.86","6.9","+","0.04","6.9","2","6.94","6","0.00"
"2545  ","皇翔  ","4490584","1908","293763588","64.7","66.4","64.2","65.7","+","1.6","65.6","2","65.7","11","43.51"
"2546  ","根基  ","382204","135","10606551","27.85","28.1","27.6","27.7","-","0.15","27.7","2","27.75","3","7.18"
"2547  ","日勝生","30867015","9839","1222137168","38.9","40.2","38.7","39.2","+","0.8","39.15","43","39.2","71","8.99"
"2548  ","華固  ","1450458","876","122302969","85.5","85.5","83.6","83.6","-","0.9","83.6","41","83.9","2","7.83"
"2597  ","潤弘  ","102000","75","4841150","47.3","47.75","47.3","47.35","+","0.05","47.35","6","47.5","9","10.29"
"2601  ","益航  ","5675635","2485","394859942","70.4","71","68","68.3","-","2.1","68.3","71","68.4","12","18.21"
"2603  ","長榮  ","21685003","3809","474165292","22.25","22.25","21.65","21.9","-","0.15","21.85","297","21.9","117","0.00"
"2605  ","新興  ","1699470","545","62681833","36.9","37","36.75","37"," ","0","36.85","25","37","45","6.86"
"2606  ","裕民  ","2364933","927","147391810","62.5","62.6","62.1","62.4","-","0.2","62.3","24","62.4","3","7.5"
"2607  ","榮運  ","3039039","1215","75573408","24.6","25.1","24.6","24.8","+","0.2","24.8","103","24.85","15","26.96"
"2608  ","大榮  ","8969802","2593","285652384","31.45","32.6","30.7","31.05","-","0.65","31.05","139","31.2","18","29.86"
"2609  ","陽明  ","44163407","8930","880174540","19.95","20.35","19.6","20"," ","0","20","177","20.05","151","0.00"
"2610  ","華航  ","32455633","6151","664791149","20.8","20.8","20.35","20.35","-","0.7","20.35","384","20.4","254","16.68"
"2611  ","志信  ","2232609","692","34236536","15.2","15.6","15.1","15.35","+","0.2","15.35","154","15.4","15","38.38"
"2612  ","中航  ","266710","197","18555900","70","70.1","69.3","69.3","-","0.7","69.3","9","69.5","1","9.55"
"2613  ","中櫃  ","235000","116","4426350","19.1","19.1","18.7","18.75","-","0.15","18.75","11","18.8","2","937.5"
"2614  ","東森  ","9009013","1502","72432481","8","8.1","7.95","7.98","+","0.02","7.98","29","7.99","1","0.00"
"2615  ","萬海  ","2396530","722","50779645","21.15","21.4","21.05","21.2","+","0.05","21.15","50","21.2","57","36.55"
"2616  ","山隆  ","323212","115","5301704","16.4","16.5","16.3","16.35","-","0.05","16.35","2","16.4","13","9.73"
"2617  ","台航  ","311791","149","11652092","37.6","37.6","37.3","37.35","-","0.1","37.3","61","37.35","2","11.32"
"2618  ","長榮航","29815346","6844","733649431","25.2","25.25","24.2","24.2","-","1","24.2","299","24.25","49","17.66"
"2701  ","萬企  ","625505","216","11582732","18.6","18.75","18.3","18.3","-","0.3","18.3","11","18.4","16","28.59"
"2702  ","華園  ","112590","82","3338345","29.7","29.8","29.3","29.4","-","0.3","29.4","5","29.5","6","39.2"
"2704  ","國賓  ","3521507","1482","166840254","47.3","48.3","46.5","47.7","+","0.95","47.6","335","47.7","41","65.34"
"2705  ","六福  ","2907495","811","59997646","20.8","20.9","20.4","20.4","-","0.3","20.4","41","20.5","64","0.00"
"2706  ","第一店","2473770","1381","85405542","35.3","35.3","33.8","33.9","-","1.7","33.85","20","34","6","33.9"
"2707  ","晶華  ","625843","581","329973360","524","534","520","523"," ","0","523","16","525","3","54.2"
"2801  ","彰銀  ","20785100","3503","388540198","18.75","18.85","18.55","18.6","-","0.15","18.6","157","18.65","234","17.55"
"2809  ","京城銀","3552557","751","49426832","14","14.15","13.8","14"," ","0","13.95","113","14","61","16.47"
"2812  ","台中銀","3437602","591","36432922","10.6","10.75","10.5","10.55","+","0.05","10.55","117","10.6","61","11.72"
"2816  ","旺旺保","421131","176","8364189","20","20.15","19.65","19.7","-","0.3","19.7","16","19.75","8","0.00"
"2820  ","華票  ","1119529","235","9610512","8.6","8.61","8.55","8.56","-","0.05","8.56","35","8.57","45","10.57"
"2823  ","中壽  ","6942278","2066","177574115","25.6","25.95","25.25","25.45","-","0.15","25.4","119","25.45","3","16.97"
"2832  ","台產  ","511505","181","13328329","26.25","26.25","25.95","26.05","+","0.05","26.05","1","26.1","11","12.4"
"2833  ","台壽保","1342273","631","43726055","32.7","33","32.4","32.45","-","0.35","32.45","10","32.5","10","7.12"
"2834  ","臺企銀","25379067","2772","242713686","9.61","9.61","9.54","9.54","-","0.06","9.54","675","9.55","501","29.81"
"2836  ","高雄銀","881537","221","10848450","12.5","12.5","12.25","12.25","-","0.15","12.25","63","12.3","19","18.85"
"2837  ","萬泰銀","617630","144","4229257","6.8","6.88","6.8","6.83","-","0.07","6.83","102","6.84","16","0.00"
"2838  ","聯邦銀","269497","87","2394107","8.92","8.92","8.83","8.88","-","0.04","8.86","52","8.88","22","7.34"
"2841  ","台開  ","5984699","1362","88587964","14.65","15","14.55","14.6","+","0.05","14.6","73","14.65","22","15.87"
"2845  ","遠東銀","5027910","992","67646931","13.5","13.55","13.35","13.45","-","0.1","13.45","103","13.5","87","12.69"
"2847  ","大眾銀","4789235","732","39693166","8.23","8.34","8.22","8.24","+","0.01","8.24","77","8.25","130","22.89"
"2849  ","安泰銀","406825","130","5605151","13.7","13.9","13.7","13.8"," ","0","13.75","33","13.8","10","31.36"
"2850  ","新產  ","882906","329","23455756","26.5","26.65","26.5","26.5","-","0.05","26.5","30","26.6","5","3.94"
"2851  ","中再保","328819","66","4933939","15.05","15.05","15","15","-","0.05","15","216","15.05","28","9.32"
"2852  ","第一保","915941","213","12962519","14.2","14.25","14.05","14.1","-","0.1","14.1","24","14.15","5","8.49"
"2854  ","寶來證","5571298","1044","82428585","14.85","14.9","14.7","14.8","-","0.05","14.75","194","14.8","23","19.47"
"2855  ","統一證","788151","227","13369139","17.1","17.1","16.9","16.95","-","0.05","16.95","46","17","188","17.3"
"2856  ","元富證","10588598","1686","129226376","12","12.4","11.85","12","+","0.1","12","157","12.05","6","12.12"
"2880  ","華南金","1572188","440","30239218","19.3","19.3","19.15","19.2","-","0.1","19.15","285","19.2","282","23.13"
"2881  ","富邦金","12078347","3164","453887978","37.9","37.9","37.3","37.6","-","0.15","37.6","98","37.65","12","13.19"
"2882  ","國泰金","8196920","3047","386436238","47.5","47.5","47","47","-","0.35","47","427","47.05","85","109.3"
"2883  ","開發金","10063986","2103","87348439","8.71","8.75","8.65","8.66","-","0.05","8.66","303","8.67","60","12.03"
"2884  ","玉山金","6093327","826","91190540","15","15.05","14.9","14.95"," ","0","14.9","236","14.95","173","17.8"
"2885  ","元大金","10025724","2341","189586843","18.95","19","18.7","18.8","-","0.1","18.75","536","18.8","230","24.42"
"2886  ","兆豐金","10787957","1985","213784214","19.9","19.9","19.75","19.85"," ","0","19.85","94","19.9","1,192","15.63"
"2887  ","台新金","17541405","3458","234822646","13.3","13.45","13.25","13.4","+","0.15","13.35","357","13.4","262","4.6"
"2887C ","新丙特","1000","1","31500","31.5","31.5","31.5","31.5","X","0","31.5","14","32","6","0.00"
"2888  ","新光金","14683719","2319","159046178","10.85","10.9","10.8","10.85","+","0.05","10.8","639","10.85","355","0.00"
"2889  ","國票金","5249424","652","51942110","9.87","9.92","9.86","9.91","+","0.05","9.9","28","9.91","77","11.13"
"2890  ","永豐金","15342169","1727","174745329","11.45","11.5","11.3","11.3","-","0.05","11.3","3,267","11.35","507","24.57"
"2891  ","中信金","15536002","2952","293553988","19","19","18.8","18.8","-","0.1","18.8","482","18.85","933","19.58"
"2892  ","第一金","18255765","2848","347993485","19.15","19.15","18.95","19"," ","0","18.95","403","19","48","54.29"
"2901  ","欣欣  ","81595","41","2435022","29.6","30.3","29.5","29.7","+","0.05","29.65","2","29.7","2","95.81"
"2903  ","遠百  ","26536525","7202","950257390","34.4","36.45","34.05","36.2","+","2.1","36.2","1","36.25","26","21.42"
"2904  ","匯僑  ","1107644","343","15617666","13.9","14.3","13.7","14","+","0.3","14","8","14.05","12","12.5"
"2905  ","三商  ","14133822","4653","318060240","22.2","23.2","22.05","22.25","+","0.45","22.2","60","22.25","2","14.54"
"2906  ","高林  ","769411","229","11051260","14.2","14.5","14.15","14.25","+","0.1","14.25","33","14.3","1","30.98"
"2908  ","特力  ","5606681","1683","129649700","23.25","23.6","22.8","23.15","-","0.1","23","67","23.15","9","49.26"
"2910  ","統領  ","5000","5","132650","26.9","26.9","26.4","26.55","-","0.35","26.55","6","26.65","7","35.4"
"2911  ","麗嬰房","8179204","3756","369619932","44.3","46","44.1","45","+","1.9","44.95","6","45","4","25.86"
"2912  ","統一超","1131267","647","134645273","120","120","117.5","119.5","+","0.5","119","3","119.5","59","23.52"
"2913  ","農林  ","6357050","1901","124286534","19.2","19.8","19.2","19.35","+","0.05","19.35","172","19.4","42","62.42"
"2915  ","潤泰全","3053858","1602","307329340","101.5","102.5","99.5","99.6","-","1.9","99.5","87","99.6","17","105.96"
"3002  ","歐格  ","101530","60","1895814","19","19","18.55","18.7","-","0.3","18.6","13","18.7","4","12.55"
"3003  ","健和興","271300","110","8953790","33","33.4","32.7","32.8","-","0.15","32.8","4","32.85","1","13.33"
"3004  ","豐達科","4400","8","64719","14.4","15.15","14.4","15.15","-","0.2","14.45","1","15.1","1","5.24"
"3005  ","神基  ","1451277","510","25088641","17.45","17.5","17.15","17.15","-","0.2","17.15","75","17.2","7","8.21"
"3006  ","晶豪科","9073411","4563","498387749","54.3","56","53.6","54.4","+","0.4","54.3","2","54.4","16","14.86"
"3008  ","大立光","996189","865","627236070","635","635","626","630","+","4","629","9","630","152","25.44"
"3010  ","華立  ","7665036","3188","415898722","54.6","55.2","53.2","53.7","-","0.9","53.7","57","53.8","11","10.13"
"3011  ","今皓  ","3663288","908","45543090","12","12.65","11.95","12.65","+","0.8","12.65","876","--","0","0.00"
"3013  ","晟銘電","2891935","842","72583714","24.95","25.4","24.6","24.6","-","0.3","24.6","27","24.8","7","23.21"
"3014  ","聯陽  ","30524829","10336","1836782879","59","61.8","58","59.4","+","1.2","59.4","2","59.5","74","26.05"
"3015  ","全漢  ","329864","192","12547441","38.4","38.4","37.95","38","-","0.25","38","7","38.05","8","8.35"
"3016  ","嘉晶  ","1174059","721","42407932","36.9","36.9","35.5","35.5","-","1.1","35.5","40","35.7","1","3550"
"3017  ","奇鋐  ","2847605","1284","103944608","37.2","37.2","36.1","36.45","-","0.5","36.4","8","36.45","1","9.35"
"3018  ","同開  ","58009","36","1060664","18.05","18.7","18.05","18.25","-","0.3","18.25","3","18.3","2","28.52"
"3019  ","亞光  ","2097451","1052","104001171","49.7","50.3","49.05","49.3","-","0.55","49.3","17","49.4","2","0.00"
"3021  ","鴻名  ","22082","15","293861","13.3","13.6","13.1","13.1","-","0.2","13.1","3","13.2","1","5.93"
"3022  ","威強電","5329982","2061","210264336","39.3","39.95","38.75","39.25","+","0.15","39.25","83","39.3","6","11.86"
"3023  ","信邦  ","800688","289","20108026","25.2","25.3","24.85","24.85","-","0.2","24.85","12","24.95","6","16.03"
"3024  ","憶聲  ","1676975","386","18295178","10.75","11.05","10.65","10.75"," ","0","10.7","54","10.75","19","268.75"
"3025  ","星通  ","188525","101","3190414","17.1","17.2","16.75","16.8","-","0.25","16.75","26","16.8","1","19.76"
"3026  ","禾伸堂","453831","311","17246551","38","38.2","37.8","37.8","+","0.05","37.8","8","37.9","3","13.8"
"3027  ","盛達  ","338000","167","7249500","21.2","21.9","21","21.2","+","0.05","21.2","36","21.3","5","19.45"
"3028  ","增你強","404030","197","7569564","18.85","18.9","18.65","18.7","-","0.1","18.65","25","18.7","25","11.07"
"3029  ","零壹  ","511045","323","15257517","30","30.4","29.5","29.55","-","0.45","29.5","25","29.55","5","45.46"
"3030  ","德律  ","2921218","1352","128722413","44","44.3","43.65","43.85","+","0.2","43.8","26","43.85","31","12.15"
"3031  ","佰鴻  ","294856","225","10397986","35.7","35.7","35.05","35.05","-","0.45","35.05","17","35.1","1","13.59"
"3032  ","偉訓  ","96120","50","1416264","14.8","14.95","14.65","14.8"," ","0","14.8","6","14.85","2","10.57"
"3033  ","威健  ","540151","158","11983848","22.2","22.3","22.15","22.25","+","0.1","22.2","92","22.25","45","9.08"
"3034  ","聯詠  ","6440349","3868","521145220","80.5","82.4","79.6","80","+","0.2","80","15","80.1","1","10.22"
"3035  ","智原  ","13634979","5606","788240800","57.5","58.8","56.5","56.5","-","0.9","56.5","12","56.6","1","22.97"
"3036  ","文曄  ","5693768","2477","230796348","41","41","39.7","39.8","-","0.9","39.8","27","39.85","5","9.93"
"3037  ","欣興  ","14499458","4746","799659040","55","55.8","54.4","54.4","-","0.3","54.4","34","54.5","11","13.05"
"3038  ","全台  ","8565468","2314","142415671","16.9","17.1","15.85","16.45","-","0.1","16.4","4","16.45","20","0.00"
"3040  ","遠見  ","258000","85","3219050","12.4","12.7","12.4","12.4","-","0.3","12.45","6","12.5","4","31.79"
"3041  ","揚智  ","4024152","1757","197334123","49","49.8","48","48.1","-","0.5","48.1","89","48.2","2","11.82"
"3042  ","晶技  ","2967579","1215","171802245","58","58.9","57.1","57.6","-","0.8","57.6","14","57.7","4","15.74"
"3043  ","科風  ","8165419","4238","806582464","99.5","100","97.4","98.5","-","1","98.5","22","98.6","6","110.67"
"3044  ","健鼎  ","845894","551","94867128","111","113","110.5","112.5","+","2.5","112","86","112.5","68","11.44"
"3045  ","台灣大","2966322","832","187120186","63.4","63.8","62.9","62.9","-","0.5","62.9","507","63","89","17.05"
"3046  ","建碁  ","485086","168","5882633","12.1","12.25","12","12.15","+","0.05","12.15","19","12.2","15","405"
"3047  ","訊舟  ","3213201","1228","64362799","19.5","20.5","19.35","19.95","+","0.45","19.95","12","20","28","26.6"
"3048  ","益登  ","272046","80","4393695","16.15","16.3","16.1","16.2","+","0.05","16.15","19","16.2","8","9.42"
"3049  ","和鑫  ","79674907","13073","1716779076","21.6","21.65","20.9","21.65","+","1.4","21.65","25,546","--","0","0.00"
"3050  ","鈺德  ","917416","286","12173780","13.2","13.45","13.2","13.2"," ","0","13.2","23","13.25","5","0.00"
"3051  ","力特  ","4997762","1376","38260717","7.88","7.88","7.37","7.63","+","0.26","7.63","13","7.65","10","0.00"
"3052  ","夆典  ","592367","202","8736394","14.8","14.85","14.7","14.7","-","0.05","14.7","56","14.75","73","7.28"
"3054  ","萬國  ","81000","47","1373600","17","17.2","16.85","17","+","0.1","17","12","17.05","5","21.25"
"3055  ","蔚華科","631653","272","16945367","26.8","27","26.6","26.6","+","0.1","26.6","37","26.65","1","9.78"
"3056  ","總太  ","162458","99","3068659","19","19.2","18.8","18.8","-","0.2","18.8","32","18.9","3","0.00"
"3057  ","喬鼎  ","945300","319","20899379","22","22.4","21.9","22"," ","0","22","102","22.05","2","24.72"
"3058  ","立德  ","824691","289","17117639","21","21.25","20.6","20.8","-","0.2","20.7","7","20.8","27","9.45"
"3059  ","華晶科","1399429","667","67568142","48.3","48.6","48","48.1","+","0.1","48.1","27","48.15","3","7.57"
"3060  ","銘異  ","2468778","1101","134847798","55.8","55.9","54","54.5","-","1","54.5","6","54.6","2","9.49"
"3061  ","璨圓  ","7971707","3392","324143648","40.7","41.4","40.05","40.4","-","0.3","40.35","16","40.4","39","18.53"
"3062  ","建漢  ","1636328","762","57993130","35.8","35.8","35.25","35.25","-","0.6","35.25","23","35.3","11","20.61"
"3080  ","威力盟","350778","204","9467750","27.2","27.35","26.7","26.9","-","0.3","26.85","5","26.9","4","8.08"
"3090  ","日電貿","213912","178","6952730","32.6","32.75","32.3","32.3","-","0.1","32.3","9","32.4","7","9.53"
"3094  ","聯傑  ","1247588","692","58498940","47","47.6","46.2","46.25","-","0.65","46.25","9","46.3","13","23.13"
"3130  ","一零四","34260","36","4123440","123","123","119.5","119.5","-","1","119.5","3","120.5","2","18.56"
"3164  ","景岳  ","1534984","956","127196188","81.5","84","81.5","82.3","+","0.8","82.3","16","82.4","3","32.4"
"3189  ","景碩  ","1727235","693","117445863","68.4","68.5","67.5","67.5","-","0.9","67.5","8","67.6","3","12.98"
"3209  ","全科  ","1961193","854","63733082","32","32.8","32","32.4","+","0.7","32.35","1","32.4","13","10.87"
"3229  ","晟鈦  ","203367","104","3302622","16.3","16.45","16.15","16.2","-","0.05","16.2","14","16.25","3","18.41"
"3231  ","緯創  ","7923096","2933","407166670","51.2","51.8","50.8","51.5","+","0.8","51.5","19","51.6","25","8.8"
"3296  ","勝德  ","124100","59","5161070","41.9","42.35","41.2","41.2","-","0.7","41.15","1","41.7","4","13.46"
"3305  ","昇貿  ","1078967","615","57843851","52.5","54.8","52.4","53.2","+","1.4","53.2","9","53.4","12","12.49"
"3308  ","聯德  ","89199","44","1984947","22.1","22.4","22.1","22.3","+","0.25","22.2","11","22.3","3","21.24"
"3311  ","閎暉  ","933400","631","86956717","92.5","94.5","92","92.3","+","1.1","92.3","15","92.6","4","11.37"
"3315  ","宣昶  ","7343035","2708","326859912","44.4","45.2","42.4","45","+","2.75","44.8","40","45","36","10.95"
"3356  ","奇偶  ","208100","129","21110800","100.5","102","100.5","101.5","+","1.5","101","2","101.5","6","14.22"
"3367  ","英華達","200763","117","4701032","23.4","23.5","23.3","23.4"," ","0","23.35","8","23.4","19","24.89"
"3376  ","新日興","379376","286","29275528","78","78.1","76.3","77.5","-","0.5","77.5","7","77.7","2","10.4"
"3380  ","明泰  ","1378553","556","32385953","23.4","23.65","23.35","23.5","+","0.25","23.5","33","23.55","29","10.83"
"3383  ","新世紀","2118732","919","96923941","45.3","46.25","45.15","45.65","-","0.05","45.65","4","45.7","9","55.67"
"3406  ","玉晶光","5716959","3134","699400957","124","124","119","124","+","8","123","13","124","108","0.00"
"3419  ","譁裕  ","175838","90","3187507","18.1","18.4","17.95","17.95","-","0.25","17.95","6","18.05","3","299.17"
"3443  ","創意  ","1467570","1009","161191630","107","113","106.5","110","+","2","109.5","28","110","9","30.81"
"3450  ","聯鈞  ","2366228","1278","174729259","75.3","75.7","72.1","72.2","-","2.5","72.2","135","72.5","1","18.37"
"3474  ","華亞科","18791095","4972","318991434","17.5","17.5","16.7","16.75","-","0.75","16.75","26","16.8","218","0.00"
"3481  ","群創  ","27215960","7313","977563858","35.75","36.15","35.6","35.75","-","0.05","35.75","4","35.8","208","16.55"
"3494  ","誠研  ","445649","218","17219297","38.6","39.1","38.25","38.3","-","0.3","38.25","13","38.3","3","33.3"
"3501  ","維熹  ","247069","169","13094477","53.1","53.4","52.6","53.2","-","0.1","53.2","1","53.3","3","8.46"
"3504  ","揚明光","1349519","996","238826043","179.5","180.5","174","174","-","4","174","34","175","7","39.82"
"3514  ","昱晶  ","11178720","5794","1108530514","100.5","101.5","97.2","97.4","-","1.7","97.4","121","97.5","20","8.83"
"3515  ","華擎  ","88157","58","9765347","110.5","112","110","110","-","0.5","110","2","110.5","7","10.16"
"3518  ","柏騰  ","271857","211","19554024","72.2","72.4","71.4","71.5","-","0.5","71.5","8","71.6","1","7.98"
"3519  ","綠能  ","7083220","3407","591366360","85","85.1","81.6","82","-","2.5","82","37","82.2","18","18.1"
"3532  ","台勝科","426292","277","26726829","63.8","63.9","61.6","62","-","1.9","62","47","62.1","28","310"
"3533  ","嘉澤  ","1879150","1290","330051200","176.5","179","171","176","+","1","175.5","20","176","24","11.62"
"3534  ","雷凌  ","1403186","886","170480219","124","124","119","119.5","-","3.5","119.5","45","120","7","16.78"
"3535  ","晶彩科","1118260","558","39369659","34.95","35.7","34.6","34.8","+","0.2","34.75","6","34.85","3","248.57"
"3536  ","誠創  ","608310","173","3899360","6.49","6.49","6.34","6.34","-","0.1","6.34","10","6.37","9","0.00"
"3545  ","敦泰  ","10024052","4399","546340366","51.9","55.5","51.5","55.2","+","3.3","55.1","57","55.2","16","17.47"
"3557  ","嘉威  ","984910","496","26199764","26.95","27.1","26.25","26.3","-","0.65","26.3","13","26.45","7","46.14"
"3559  ","全智科","945000","311","21355000","22.8","23","22.25","22.3","-","0.5","22.3","4","22.35","2","11.74"
"3561  ","昇陽科","7577438","3670","783003052","105","105","101","104","-","1.5","103.5","75","104","241","21.89"
"3573  ","穎台  ","3293701","2158","393667218","118","122","115.5","118"," ","0","118","80","118.5","1","14.68"
"3576  ","新日光","11026659","6233","950834030","88","88","84.5","85","-","2.1","85","111","85.1","6","24.29"
"3579  ","尚志  ","1600820","1044","150613421","94.9","95.1","92.4","93","-","2.2","92.8","2","93.2","1","12.33"
"3584  ","介面  ","4170204","2431","523457592","126","130","121.5","122.5","-","2.5","122.5","15","123","18","63.47"
"3588  ","通嘉  ","194570","168","27788940","143","144","141.5","142.5","-","0.5","142","14","142.5","3","20.56"
"3593  ","力銘  ","968232","418","31053840","32.2","32.4","31.9","32","+","0.1","31.95","15","32","18","9.94"
"3596  ","智易  ","464859","301","28868558","63","63","61.7","61.7","-","1.3","61.7","32","61.8","3","11.26"
"3605  ","宏致  ","205100","159","20267100","99","99.3","98.2","98.9","-","0.1","98.7","1","99","17","11.73"
"3607  ","谷崧  ","165000","96","9675000","59.2","59.2","58.3","58.5","-","0.7","58.3","12","58.5","11","14.03"
"3614  ","誠致  ","331981","173","48117783","146.5","146.5","143","143","-","3.5","142.5","7","143","3","18.48"
"3617  ","碩天  ","372250","280","29424850","78.5","80","78.2","78.3","+","0.5","78.3","2","78.5","4","16.7"
"3622  ","洋華  ","3970029","3110","1522850991","392.5","392.5","376.5","379","-","11.5","379","14","379.5","8","15.38"
"3638  ","F-IML ","1008080","676","133503520","138","140","130.5","130.5","-","9.5","--","0","131","1","28.06"
"3653  ","健策  ","1652008","1267","326106069","191","202","190","196.5","+","7","196.5","17","197","13","26.03"
"3686  ","達能  ","1329000","784","83779100","64","64.4","62","62","-","2.1","62","41","62.1","2","0.00"
"3701  ","大眾控","118060","42","532321","4.41","4.57","4.4","4.57","+","0.26","4.46","14","4.57","5","0.00"
"3702  ","大聯大","8136451","3925","513541732","63.7","64.2","62.1","62.1","-","1.6","62.1","106","62.2","40","13.47"
"3703  ","欣陸  ","818119","199","9713150","11.9","11.95","11.8","11.9","+","0.15","11.9","2","11.95","113","33.06"
"3704  ","合勤控","679087","319","12786970","18.8","19","18.65","18.85","+","0.1","18.85","18","18.9","36","0.00"
"4104  ","佳醫  ","10196788","4715","861174821","83","86.1","82.5","83.2","+","1.6","83.2","66","83.3","3","25.68"
"4106  ","雃博  ","7059359","3206","284557003","39.6","41.5","39","39.6","+","0.3","39.55","3","39.6","19","13.56"
"4108  ","懷特  ","1359600","749","69188459","50.7","51.7","50.4","50.4"," ","0","50.4","17","50.5","4","0.00"
"4119  ","旭富  ","770516","412","53594900","69","70.1","68.5","68.8"," ","0","68.8","1","68.9","2","18.54"
"4133  ","亞諾法","510038","354","50281024","100","100","96.8","97","-","2.5","97","12","97.1","1","44.29"
"4306  ","炎洲  ","1417335","449","39295011","27.8","27.85","27.6","27.65"," ","0","27.65","11","27.7","10","10.59"
"4414  ","如興  ","197589","73","958177","4.81","4.97","4.79","4.87","+","0.04","4.85","3","4.87","1","0.00"
"4526  ","東台  ","1185030","388","37440597","31.6","31.95","31.25","31.75","+","0.15","31.55","6","31.75","20","19.6"
"4532  ","瑞智  ","3090564","732","46018324","14.8","15.1","14.65","14.9","+","0.1","14.85","76","14.9","19","41.39"
"4725  ","信昌化","711000","482","50021400","70.4","71.1","69.6","69.8","-","0.6","69.8","29","70.1","1","13.69"
"4904  ","遠傳  ","1954645","592","80783516","41.3","41.5","41.2","41.35","-","0.05","41.3","203","41.4","432","15.15"
"4906  ","正文  ","1323048","624","61247257","46.95","46.95","45.85","46.15","-","0.1","46.15","2","46.2","4","23.31"
"4930  ","燦星網","11106065","5171","491385405","44.5","45.05","42.5","42.85","-","1","42.8","44","42.85","213","35.71"
"4938  ","和碩  ","13424940","6548","542522915","41","41.6","40","40.05","-","1.95","40.05","119","40.1","5","13.58"
"5203  ","訊連  ","154105","137","20264650","132","133","131","131","-","1","131","41","131.5","6","15.29"
"5305  ","敦南  ","1277396","501","24412249","19.1","19.3","18.95","19.05","+","0.1","19","46","19.05","22","25.07"
"5388  ","中磊  ","9665011","2676","229091596","22.9","24.35","22.5","24.35","+","1.55","24.35","7,060","--","0","13.6"
"5434  ","崇越  ","674423","392","26438007","39.9","39.9","38.85","39","-","0.6","39","48","39.05","8","12.58"
"5469  ","瀚宇博","1798232","711","43973910","24.65","24.8","24.25","24.35","-","0.2","24.3","68","24.35","3","8.12"
"5471  ","松翰  ","740819","435","48596168","65.8","66","64.6","64.8","-","1","64.8","8","64.9","8","11.72"
"5484  ","慧友  ","133436","57","2691839","20.3","20.3","20.1","20.1","-","0.2","20.1","2","20.15","10","15.46"
"5515  ","建國  ","804392","219","13162454","16.25","16.5","16.25","16.3","+","0.05","16.3","13","16.35","1","10"
"5522  ","遠雄  ","3425703","1885","247212467","72","73.2","71.1","71.1"," ","0","71.1","17","71.2","2","5.07"
"5525  ","順天  ","449501","153","7886565","17.6","17.7","17.45","17.5","-","0.05","17.5","22","17.55","13","10.06"
"5531  ","鄉林  ","412650","231","13192686","31.65","32.3","31.65","31.9","+","0.25","31.9","10","32","19","13.46"
"5533  ","皇鼎  ","894316","332","19707958","22","22.35","21.5","21.8","-","0.05","21.8","1","21.85","2","9.01"
"5534  ","長虹  ","4078770","2221","301800810","73.3","75","72.7","73.3","+","0.7","73.3","45","73.4","9","7.81"
"5607  ","遠雄港","666000","336","19904100","29.8","30.1","29.5","29.75"," ","0","29.75","2","29.8","7","0.00"
"5608  ","四維航","585353","345","23070283","39.4","39.5","39.2","39.35","+","0.2","39.3","60","39.35","37","13.29"
"5854  ","合庫  ","14806936","2212","296357920","20","20.1","19.9","20"," ","0","19.95","945","20","206","16.53"
"6005  ","群益證","2811395","749","40230918","14.4","14.4","14.25","14.25","-","0.1","14.25","234","14.3","101","14.69"
"6012  ","金鼎證","1693531","328","20293008","12","12","11.95","12","+","0.05","11.95","766","12","1,229","80"
"6108  ","競國  ","658090","349","20420816","31.2","31.35","30.75","30.75","-","0.45","30.75","16","30.8","1","7.1"
"6112  ","聚碩  ","477116","268","10621152","21.75","22.6","21.65","22.2","+","0.35","22.2","1","22.25","10","16.09"
"6115  ","鎰勝  ","340482","229","16673847","50","50","48.5","48.5","-","0.2","48.5","9","48.7","48","8.55"
"6116  ","彩晶  ","7588658","1471","46744889","6.2","6.21","6.13","6.14","-","0.06","6.14","589","6.15","74","0.00"
"6117  ","迎廣  ","611139","318","11589991","19.4","19.6","18.3","18.5","-","0.65","18.5","6","18.55","1","30.33"
"6119  ","大傳  ","309993","107","4179202","13.45","13.6","13.4","13.45","+","0.05","13.45","27","13.5","11","13.87"
"6120  ","達運  ","10835705","4103","337675889","30.1","31.6","30.1","31.1","+","1.2","31.05","10","31.1","3","8.57"
"6128  ","上福  ","134304","69","5339298","39.5","39.95","39.5","39.65"," ","0","39.6","17","39.7","5","8.89"
"6131  ","悠克  ","310853","110","5974769","19.3","19.4","19.05","19.05","-","0.3","19.05","19","19.1","8","20.93"
"6133  ","金橋  ","1018979","255","13469322","13.1","13.45","12.9","13.3","+","0.2","13.3","1","13.35","15","95"
"6136  ","富爾特","1561270","876","53383480","33.8","34.8","33.65","34.15","+","0.15","34.15","2","34.2","4","10.84"
"6139  ","亞翔  ","173311","85","5251960","30.5","30.6","30.2","30.25","-","0.25","30.25","5","30.35","6","15.92"
"6141  ","柏承  ","123000","55","2524800","20.45","20.7","20.4","20.5"," ","0","20.5","7","20.55","1","12.89"
"6142  ","友勁  ","1445432","392","22014538","15.2","15.45","15","15.15","-","0.05","15.15","15","15.2","17","15"
"6145  ","勁永  ","2403567","908","48470190","20.65","20.65","19.8","20.1","-","0.55","20.05","33","20.1","15","8.52"
"6152  ","百一  ","201304","123","6006222","30","30","29.7","29.85","-","0.25","29.75","7","29.85","4","13.15"
"6153  ","嘉聯益","7084696","2443","300822356","43","43.05","41","41.55","-","1.45","41.55","8","41.7","36","16.82"
"6155  ","鈞寶  ","40823","31","1249267","30.6","30.75","30.6","30.6"," ","0","30.6","4","30.7","2","12.34"
"6164  ","華興  ","1042907","420","25662371","24.4","25","24.2","24.5","+","0.1","24.5","15","24.6","32","18.42"
"6165  ","捷泰  ","373526","147","3917569","10.4","10.6","10.4","10.45","-","0.1","10.4","42","10.45","2","7.98"
"6166  ","凌華  ","388251","222","19092149","50.2","50.2","48.8","49.1","-","1","49.1","28","49.2","10","14.61"
"6168  ","宏齊  ","4455875","2153","162039020","36.7","36.9","36.05","36.15","-","0.15","36.15","31","36.2","1","20.08"
"6172  ","互億  ","347589","159","4014651","11.55","11.55","11.55","11.55","+","0.75","11.55","1,120","--","0","0.00"
"6176  ","瑞儀  ","2464469","1081","99642392","40.5","40.75","40.05","40.1","-","0.35","40.1","83","40.2","3","8.08"
"6184  ","大豐電","136200","78","7216059","53","53.2","52.6","52.8","+","0.2","52.8","3","53","3","11.58"
"6189  ","豐藝  ","377123","111","9084413","24.1","24.25","24","24.05","-","0.05","24.05","8","24.1","19","8.59"
"6191  ","精成科","2359046","866","52929219","22.6","22.7","22.2","22.3","-","0.45","22.3","29","22.35","13","9.29"
"6192  ","巨路  ","119200","70","5851270","49.7","49.7","49","49.15","-","0.1","49.15","2","49.25","4","10.83"
"6196  ","帆宣  ","1008787","315","16653305","16.4","16.7","16.2","16.5","+","0.3","16.45","27","16.5","7","0.00"
"6197  ","佳必琪","6312672","3573","805042342","131.5","132","123","128","-","2.5","128","10","128.5","7","147.13"
"6201  ","亞弘電","129030","59","3678354","28.4","28.7","28.4","28.5","+","0.1","28.5","9","28.6","10","11.05"
"6202  ","盛群  ","2141350","1091","96488886","45","45.5","44.5","44.7","-","0.1","44.7","48","44.75","8","11.49"
"6205  ","詮欣  ","72000","40","1998350","28.2","28.2","27.5","27.6","+","0.45","27.55","3","27.6","1","16.93"
"6206  ","飛捷  ","593600","435","49102580","83.2","84","82.3","82.5","-","1.2","82.4","4","82.5","2","12.44"
"6209  ","今國光","20956439","7326","701747152","33.5","34.1","32.65","34.1","+","2.2","34.1","783","--","0","37.47"
"6213  ","聯茂  ","2372364","1006","107013453","45.45","45.6","44.7","44.75","-","0.6","44.75","18","44.8","30","9.84"
"6215  ","和椿  ","26999","22","782320","29.5","29.6","28.55","28.55","+","0.4","28.55","8","28.7","1","19.69"
"6216  ","居易  ","206526","107","4789520","23.2","23.4","23","23.1"," ","0","23.1","5","23.15","9","14.09"
"6224  ","聚鼎  ","303101","180","19001210","62.4","63","62.3","62.8","-","0.3","62.5","2","62.8","5","16.1"
"6225  ","天瀚  ","930507","524","21189078","23.2","23.4","22.5","22.5","-","1.1","22.5","23","22.65","3","0.00"
"6226  ","光鼎  ","879701","262","14381866","16.65","16.7","16.2","16.2","-","0.35","16.2","24","16.25","6","19.76"
"6235  ","華孚  ","516260","179","3846977","7.55","7.6","7.4","7.4","-","0.15","7.4","31","7.44","15","0.00"
"6239  ","力成  ","2010863","1189","196109377","98.4","98.6","97","97.2","-","1.1","97.2","23","97.3","1","10"
"6243  ","迅杰  ","773199","510","40019450","51.4","52.3","51.1","51.2","-","0.1","51.2","4","51.3","4","15.8"
"6251  ","定穎  ","1245009","516","28809509","23.6","23.8","22.8","22.85","-","0.75","22.8","67","22.85","37","9.33"
"6257  ","矽格  ","4976255","1522","123440848","24.85","25.05","24.6","24.7","-","0.05","24.7","32","24.75","1","7.94"
"6269  ","台郡  ","7534991","3267","385359736","52","52.1","50.3","51.4","-","1","51.4","64","51.5","90","13.74"
"6271  ","同欣電","628684","354","93856232","152","152","148","148","-","4.5","147.5","16","148","6","32.89"
"6277  ","宏正  ","62752","48","3336327","53","53.5","52.7","53"," ","0","53.2","4","53.4","4","11.52"
"6278  ","台表科","2991180","1535","197173740","67","67.3","65.2","65.2","-","1.6","65.2","21","65.3","5","9.06"
"6281  ","全國電","154430","113","7330430","47.75","47.75","47.3","47.4","-","0.35","47.35","10","47.5","8","11.97"
"6282  ","康舒  ","4807237","1815","126571216","26.4","26.7","26.05","26.05","-","0.25","26.05","103","26.1","6","12.12"
"6283  ","淳安  ","360149","123","5019405","14","14.05","13.85","13.9","-","0.05","13.9","24","13.95","11","0.00"
"6285  ","啟碁  ","1613521","842","99997351","61.5","62.6","61.4","61.6","-","0.4","61.6","44","61.8","23","14.16"
"6286  ","立錡  ","1721908","1299","410206788","238","242","233","235","-","1","235","3","235.5","13","16.6"
"6289  ","華上  ","5997997","1541","52555268","8.93","8.94","8.4","8.46","-","0.24","8.45","12","8.48","35","0.00"
"6505  ","台塑化","2619997","1183","197976766","75","76","74.8","75.9","+","1.2","75.9","336","76","58","16.11"
"6605  ","帝寶  ","156119","93","14042469","90","90.2","89.5","89.6","-","0.4","89.6","4","89.9","7","11.56"
"8008  ","建興電","1690863","742","52465808","31","31.25","30.8","30.8","-","0.2","30.8","148","30.85","50","9.25"
"8016  ","矽創  ","988790","536","49850900","50.8","51.3","49.7","49.8","-","1.2","49.8","29","50.4","4","10.42"
"8021  ","尖點  ","672129","204","17738506","26.6","26.6","26.25","26.5","-","0.1","26.35","7","26.5","19","12.44"
"8033  ","雷虎  ","715339","217","10945149","15.1","15.5","15.1","15.3","+","0.3","15.3","16","15.35","7","0.00"
"8039  ","台虹  ","2683938","1254","198099840","76","76","72.8","74.1","-","1","74.1","3","74.2","8","21.99"
"8046  ","南電  ","2017189","1135","220940290","109","111.5","107","109","+","0.5","109","51","109.5","6","19.75"
"8070  ","長華  ","1516503","939","217869932","139.5","146.5","139.5","145","+","6","145","38","145.5","24","10.89"
"8072  ","陞泰  ","100436","83","8653896","86.8","86.8","85.8","85.9","-","0.8","85.7","10","85.9","3","11.88"
"8078  ","華寶  ","1030697","532","28339586","28","28","27.2","27.35","-","0.6","27.3","9","27.4","39","40.82"
"8081  ","致新  ","658256","490","90381328","140","140","135.5","136","-","3","136","37","136.5","7","12.67"
"8101  ","華冠  ","683893","191","7762400","11.45","11.45","11.3","11.3","-","0.1","11.3","39","11.35","11","0.00"
"8103  ","瀚荃  ","366117","150","15632218","43","43.4","42.25","42.9","-","0.1","42.6","1","42.9","4","9.25"
"8105  ","凌巨  ","32008907","7607","690072113","21.7","22.3","20.6","20.75","-","0.3","20.75","392","20.8","31","28.04"
"8110  ","華東  ","1709492","547","25358129","14.85","15.05","14.7","14.7"," ","0","14.7","5","14.75","15","11.48"
"8112  ","至上  ","1824281","633","40771859","22.75","22.75","22.15","22.2","-","0.55","22.2","99","22.25","1","9.65"
"8131  ","福懋科","530051","305","20785539","39.85","39.85","38.5","38.9","-","0.35","38.65","13","38.9","1","13.84"
"8163  ","達方  ","3113812","1584","118702212","38.8","38.8","37.5","37.7","-","1.1","37.7","4","37.75","25","10.77"
"8201  ","無敵  ","76806","61","2121088","27.85","27.85","27.3","27.55","-","0.3","27.5","3","27.6","2","91.83"
"8213  ","志超  ","2300306","1272","111013688","47.55","48.75","47.25","48.05","+","0.5","48.05","10","48.1","6","8.64"
"8249  ","菱光  ","498839","252","12407612","25","25.2","24.55","24.65","-","0.55","24.65","2","24.7","4","14.17"
"8261  ","富鼎  ","4436685","1927","156094632","34.5","35.6","34.5","34.95","+","0.7","34.95","2","35","15","22.12"
"8374  ","羅昇  ","311300","173","12111265","39.4","39.4","38.7","38.75","-","0.55","38.75","16","38.8","2","12.03"
"8926  ","台汽電","775315","221","13287092","17.05","17.3","17","17.15","+","0.1","17.15","75","17.2","21","9.48"
"8940  ","新天地","751476","433","25093880","34","34","33","33.3","-","1","33.25","1","33.3","4","40.12"
"9102  ","東亞科","86944","16","500665","5.76","5.78","5.76","5.76"," ","0","5.76","28","5.77","5","0.00"
"9103  ","美德醫","4820501","1101","39530353","8.17","8.28","8.09","8.17","+","0.12","8.17","35","8.18","1","0.00"
"910322","康師傅","7123210","2589","292767919","40.5","41.5","40.5","41","+","1.1","41","90","41.05","3","0.00"
"9104  ","萬宇科","38000","15","683050","18.05","18.05","17.9","18","+","0.1","17.95","8","18","2","0.00"
"910482","聖馬丁","6861002","1523","57987596","8.38","8.59","8.3","8.38"," ","0","8.38","78","8.4","18","0.00"
"9105  ","泰金寶","7015000","957","34084680","4.85","4.9","4.81","4.83","-","0.01","4.82","192","4.83","1","0.00"
"910579","歐聖  ","19586024","2123","229439692","11.75","11.85","11.55","11.85","+","0.1","11.85","121","11.9","1,463","0.00"
"9106  ","新焦點","3233050","920","40909065","12.85","12.9","12.4","12.4","-","0.3","12.4","57","12.5","1","0.00"
"9110  ","越南控","1507000","587","27809450","18.1","18.85","18.1","18.35","+","0.1","18.35","18","18.4","2","0.00"
"911201","僑威控","773101","183","5509468","7","7.19","6.99","7.14","+","0.17","7.12","5","7.14","9","0.00"
"911602","華豐泰","1012000","30","16798800","16.6","16.6","16.45","16.6","+","0.2","16.5","5","16.6","43","0.00"
"911868","同方友","921000","274","12357950","13.6","13.6","13.35","13.35","-","0.25","13.35","35","13.45","12","0.00"
"912398","友佳  ","1964000","699","45262900","22.9","23.45","22.6","23","+","0.1","23","47","23.1","8","0.00"
"9136  ","巨騰  ","866000","415","18231750","21.05","21.4","20.9","20.9","-","0.5","20.85","21","20.9","1","0.00"
"913889","大成糖","1458000","549","20060900","13.9","14.1","13.5","13.5","-","0.4","13.5","34","13.7","2","0.00"
"9151  ","旺旺  ","1721006","428","43914154","25.45","25.9","25.3","25.4","-","0.05","25.4","26","25.5","26","0.00"
"9157  ","陽光能","5918098","2621","146529899","25.2","25.3","24.5","24.5","-","0.7","24.5","330","24.55","18","0.00"
"9188  ","精熙  ","1209000","388","12306400","10.15","10.35","10","10","-","0.3","9.99","49","10.05","2","0.00"
"9902  ","台火  ","536171","201","6655932","12.4","12.7","12.3","12.4","-","0.05","12.4","2","12.45","17","12.16"
"9904  ","寶成  ","19892452","5273","524828352","26.05","26.8","25.85","26.15","+","0.15","26.15","221","26.2","107","9.14"
"9905  ","大華  ","2399092","835","77209720","32.05","32.8","31.5","31.5","-","0.55","31.5","45","31.65","1","16.58"
"9906  ","欣巴巴","26703","11","35349","1.37","1.37","1.22","1.35","+","0.06","1.21","1","1.35","8","0.00"
"9907  ","統一實","6970803","1352","106056921","15.15","15.4","15.1","15.1"," ","0","15.1","491","15.15","31","10.63"
"9908  ","大台北","127599","79","2185819","17.15","17.2","17.05","17.1","+","0.1","17","26","17.1","14","16.44"
"9910  ","豐泰  ","486797","221","14288335","29.3","29.6","29.15","29.3","+","0.05","29.3","66","29.4","19","9.97"
"9911  ","櫻花  ","6612332","2179","191419971","28.9","29.55","28.1","28.25","-","0.65","28.2","63","28.25","6","20.18"
"9912  ","偉聯  ","10014","9","82444","8.22","8.29","8.15","8.29","+","0.09","8.2","2","8.29","5","0.00"
"9914  ","美利達","1291515","498","69586895","54.2","54.5","53.2","53.3","-","0.7","53.3","73","53.6","7","11.13"
"9917  ","中保  ","87326","77","4512588","51.7","51.9","51.4","51.8","+","0.1","51.7","18","51.8","1","14.97"
"9918  ","欣天然","31932","18","941887","29.5","29.6","29.4","29.4","-","0.1","29.35","6","29.45","7","20.7"
"9919  ","康那香","1363893","535","29967816","22.15","22.2","21.8","21.95","+","0.15","21.9","22","21.95","17","11.8"
"9921  ","巨大  ","208795","174","24759407","119","120.5","117","118.5","-","1","118.5","7","119","17","16.39"
"9924  ","福興  ","62500","36","1250574","20","20.1","19.95","19.95","-","0.05","20","1","20.05","11","10.78"
"9925  ","新保  ","135323","66","2999868","22.1","22.25","22.1","22.1"," ","0","22.1","13","22.2","25","12.42"
"9926  ","新海  ","21280","17","604062","28.3","28.5","28.2","28.45","+","0.15","28.05","11","28.65","1","13.61"
"9927  ","泰銘  ","390558","244","13775180","36","36","34.9","34.9","-","0.3","34.9","19","35","1","9.46"
"9928  ","中視  ","1564929","506","30227626","19.45","19.55","19.1","19.25","+","0.35","19.15","11","19.25","5","62.1"
"9929  ","秋雨  ","851378","152","5108430","6","6.07","5.96","6.01","+","0.02","6.01","4","6.02","11","0.00"
"9930  ","中聯資","125170","74","4527154","35.9","36.3","35.9","36.15","+","0.15","36.15","3","36.2","9","13.54"
"9931  ","欣高  ","286620","134","5748041","19.5","20.4","19.5","20.3","+","0.9","20.25","4","20.3","11","18.62"
"9933  ","中鼎  ","959576","660","32128865","34","34","33.2","33.25","-","0.75","33.25","9","33.4","2","12.89"
"9934  ","成霖  ","2615797","1180","95178066","36.9","37.2","35.8","35.95","-","0.85","35.9","46","35.95","3","11.83"
"9935  ","慶豐富","865697","251","9552746","11.2","11.25","10.75","10.95","-","0.2","10.9","2","10.95","24","0.00"
"9937  ","全國  ","100358","46","3516682","35.1","35.15","34.9","35.05","-","0.05","35.05","10","35.15","2","24.34"
"9938  ","百和  ","4547630","1395","138989314","30.8","31","30.2","30.55","-","0.25","30.5","16","30.55","6","21.51"
"9939  ","宏全  ","1323038","657","80656508","61.7","61.9","60.4","60.4","-","1.1","60.4","2","60.5","1","12.93"
"9940  ","信義  ","428346","251","22610744","53.1","53.2","52.6","52.6","-","0.5","52.6","39","52.7","9","11.29"
"9941  ","裕融  ","1558064","782","80944264","52.5","52.8","51.3","51.3","-","1.2","51.3","10","51.4","2","13.54"
"9942  ","茂順  ","294010","159","12659676","43.8","44.1","42.7","42.7","-","1.1","42.7","7","42.85","2","11.45"
"9943  ","好樂迪","112290","65","2921444","26.05","26.2","25.85","26.05","+","0.05","25.95","8","26.05","2","16.7"
"9944  ","新麗  ","310475","42","8370178","26.95","27","26.95","26.95"," ","0","26.85","3","26.95","4","13.96"
"9945  ","潤泰新","2613235","1293","142294270","55","55.2","53.7","53.7","-","1.1","53.7","18","53.8","2","59.67"
"9955  ","佳龍  ","209821","150","10861179","52.1","52.2","51.4","51.5","-","0.6","51.5","7","51.6","4","18.66"
"9958  ","世紀鋼","1259587","322","13924814","10.9","11.15","10.9","11.1","+","0.2","11.05","28","11.1","27","22.65"
    
"說明："
"1. 漲跌(+/-)欄位符號說明:+/-/X表示漲/跌/不比價。"
"2. 當證券代號為認購(售)權證及認股權憑證時本益比欄位置為結算價；但如為以外國證券或指數為標的之認購(售)權證及履約方式採歐式者，該欄位為空白。"
"3. 除境外指數股票型基金及外國股票第二上市外，餘交易單位皆為千股。"
"4. 本統計資訊含一般、零股、盤後定價、鉅額交易，不含拍賣、標購。"

